2304 62.2233 -2.8365 -4.176
2178 44.2233 -2.8365 -4.09602
2442 55.2233 -2.8365 -4.21379
2192 85.2233 -2.8365 -4.33196
2193 -36.7767 -4.63194 -4.32718
2336 -44.7767 -4.63194 -4.23061
2246 -43.7767 -4.63194 -4.35952
2483 -104.777 -4.63194 -4.29726
2363 13.2233 -2.8365 -4.35365
2236 14.2233 -2.8365 -4.14711
2374 60.2233 -2.8365 -4.37446
2250 46.2233 -2.8365 -4.29537
2380 -6.7767 -4.63194 -4.35873
2382 -75.7767 -4.63194 -4.2792
2386 21.2233 -2.8365 -4.36339
2143 14.2233 -2.8365 -4.35912
2402 23.2233 -2.8365 -4.30166
2282 40.2233 -2.8365 -4.35882
2155 57.2233 -2.8365 -4.37559
2159 23.2233 -2.8365 -4.08382
2161 -0.776699 -2.8365 -4.34209
2038 16.2233 -2.8365 -4.2592
2423 -26.7767 -4.63194 -4.36793
2175 -101.777 -4.63194 -4.2817
