2305 206.547 -0.379384 -3.47423
2434 82.5473 -0.379384 -3.50395
2410 47.5473 -0.379384 -3.30555
2181 53.5473 -0.379385 -3.65147
2182 -38.4527 -4.89573 -3.56879
2311 -9.4527 -4.89573 -3.44591
2312 92.5473 -0.379385 -3.58987
2443 -36.4527 -4.89573 -3.44142
2447 -52.4527 -4.89573 -3.39339
2064 123.547 -0.379386 -3.52552
2450 213.547 -0.379385 -3.5938
2195 87.5473 -0.379386 -3.45431
2068 -31.4527 -4.89573 -3.67303
2327 46.5473 -0.379385 -3.51702
2329 90.5473 -0.379385 -3.56982
2202 -89.4527 -4.89573 -3.70533
2459 -36.4527 -4.89573 -3.59295
2076 20.5473 -0.379385 -3.53484
2309 -15.4527 -4.89573 -3.62367
2208 -48.4527 -4.89573 -3.69287
2213 -320.453 -4.89573 -3.67046
2216 -49.4527 -4.89573 -3.5521
2332 -38.4527 -4.89573 -3.72955
2349 -58.4527 -4.89573 -3.54783
2224 121.547 -0.379386 -3.69271
2482 56.5473 -0.379384 -3.70696
2100 -54.4527 -4.89573 -3.58746
2104 -71.4527 -4.89573 -3.45976
2356 -45.4527 -4.89573 -3.67674
2362 -75.4527 -4.89573 -3.55833
2365 113.547 -0.379385 -3.49662
2295 63.5473 -0.379384 -3.62711
2367 -0.452703 -0.379386 -3.48717
2241 93.5473 -0.379385 -3.45974
2119 -9.4527 -4.89573 -3.48006
2249 -248.453 -4.89573 -3.61246
2506 20.5473 -0.379384 -3.54597
2507 -98.4527 -4.89573 -3.36216
2252 -66.4527 -4.89573 -3.63334
2385 -21.4527 -4.89573 -3.63355
2137 37.5473 -0.379385 -3.64075
2191 45.5473 -0.379384 -3.52506
2273 -33.4527 -4.89573 -3.62998
2146 -51.4527 -4.89573 -3.53173
2228 48.5473 -0.379385 -3.62928
2021 50.5473 -0.379385 -3.58057
2278 -265.453 -4.89573 -3.65486
2257 -75.4527 -4.89573 -3.79232
2437 5.5473 -0.379384 -3.39809
2409 40.5473 -0.379384 -3.66149
2026 -58.4527 -4.89573 -3.62767
2023 43.5473 -0.379385 -3.41013
2156 8.5473 -0.379384 -3.33177
2285 32.5473 -0.379385 -3.57627
2369 11.5473 -0.379384 -3.70708
2280 59.5473 -0.379385 -3.17394
2034 -42.4527 -4.89573 -3.4372
2067 -52.4527 -4.89573 -3.62808
2167 -49.4527 -4.89573 -3.65262
2154 95.5473 -0.379386 -3.5494
