2050 -279.135 -206.08 -177.693
2179 4.86538 31.8807 36.8582
2438 82.8654 -59.3227 -66.3435
2183 84.8654 90.3455 70.7709
2315 15.8654 29.5866 36.6493
2194 -9.13461 36.7161 45.3621
2460 98.8654 94.0364 90.1983
2342 53.8654 81.7117 90.8231
2218 10.8654 25.7074 31.8808
2477 -60.1346 -31.9038 -23.5705
2229 -24.1346 30.752 40.6159
2103 119.865 50.3186 42.5303
2113 13.8654 13.4218 35.7679
2115 67.8654 61.1804 29.5467
2259 -66.1346 7.8967 14.7703
2523 60.8654 15.038 3.04105
2275 24.8654 26.018 27.1762
2022 62.8654 56.2906 50.1846
2024 42.8654 99.7571 107.446
2283 -30.1346 37.8363 43.3079
2291 48.8654 42.1556 25.7703
2297 -17.1346 66.0598 74.3209
