2304 62.2233 -204.757 -214.869
2178 44.2233 -0.0572895 -6.94322
2442 55.2233 59.2208 60.4576
2192 85.2233 85.2361 84.0177
2193 -36.7767 -43.2642 -48.3022
2336 -44.7767 102.726 120.915
2246 -43.7767 -43.7787 -55.8146
2483 -104.777 1.57013 18.7949
2363 13.2233 -53.0284 -56.8887
2236 14.2233 -55.8502 -60.1245
2374 60.2233 3.93774 -2.21537
2250 46.2233 -54.0817 -59.2883
2380 -6.7767 59.9294 62.0032
2382 -75.7767 -75.7163 -79.3447
2386 21.2233 5.14826 -15.078
2143 14.2233 -14.5922 -22.5128
2402 23.2233 53.29 68.27
2282 40.2233 -42.2105 -51.0821
2155 57.2233 76.11 81.3305
2159 23.2233 58.1101 61.5377
2161 -0.776699 8.95521 13.5547
2038 16.2233 16.2624 13.5531
2423 -26.7767 142.047 143.864
2175 -101.777 -57.9007 -53.47
