2305 206.547 -113.885 -118.938
2434 82.5473 32.7656 17.0301
2410 47.5473 5.37921 -1.05181
2181 53.5473 47.031 27.8761
2182 -38.4527 14.2324 28.2529
2311 -9.4527 -60.2194 -78.6037
2312 92.5473 81.3319 65.7941
2443 -36.4527 37.728 51.5473
2447 -52.4527 -38.6953 -11.3653
2064 123.547 156.343 164.03
2450 213.547 -30.5349 -33.8812
2195 87.5473 -23.6441 -28.6818
2068 -31.4527 -93.5323 -102.924
2327 46.5473 -83.1755 -99.5968
2329 90.5473 190.035 193.59
2202 -89.4527 90.1866 92.6448
2459 -36.4527 51.3524 56.6073
2076 20.5473 7.40557 -1.67356
2309 -15.4527 -74.5624 -85.7911
2208 -48.4527 100.042 102.575
2213 -320.453 -244.875 -237.165
2216 -49.4527 30.9392 42.8682
2332 -38.4527 64.4108 74.3692
2349 -58.4527 47.4402 52.5964
2224 121.547 11.5277 6.21175
2482 56.5473 53.8732 41.0019
2100 -54.4527 -9.50139 -7.45736
2104 -71.4527 19.3082 26.352
2356 -45.4527 -268.059 -273.026
2362 -75.4527 5.93158 22.3007
2365 113.547 -0.867788 -17.1807
2295 63.5473 25.8591 21.5695
2367 -0.452703 -23.1105 -32.7302
2241 93.5473 31.3079 14.6932
2119 -9.4527 -20.8033 -19.1178
2249 -248.453 -102.373 -97.937
2506 20.5473 71.7215 76.1232
2507 -98.4527 -98.0771 -98.9327
2252 -66.4527 89.5633 92.0695
2385 -21.4527 20.6819 36.2483
2137 37.5473 69.6551 81.7701
2191 45.5473 27.2866 20.5836
2273 -33.4527 28.0351 57.5531
2146 -51.4527 -45.1185 -36.5574
2228 48.5473 48.5116 54.8593
2021 50.5473 118.048 120.193
2278 -265.453 -78.71 6.4173
2257 -75.4527 -11.1467 29.636
2437 5.5473 -32.6829 -43.3958
2409 40.5473 -42.9779 -50.6374
2026 -58.4527 -10.6018 -5.32535
2023 43.5473 40.3633 37.5308
2156 8.5473 -32.468 -36.6519
2285 32.5473 -38.8799 -42.5295
2369 11.5473 -35.1607 -44.7001
2280 59.5473 191.918 198.955
2034 -42.4527 38.8741 60.4942
2067 -52.4527 -21.2678 -17.2571
2167 -49.4527 -6.69889 -2.03002
2154 95.5473 -24.1604 -26.1014
