2307 29.8824 -8.30685 -27.0242
2436 71.8824 109.918 129.368
2439 -76.1176 49.5049 76.7991
2440 -114.118 115.202 134.224
2189 84.8824 -13.7019 -32.3935
2446 152.882 -73.2745 -89.7984
2070 25.8824 25.8787 49.3318
2199 -99.1176 34.375 51.3238
2345 71.8824 64.1102 35.4977
2463 111.882 -57.8886 -70.3914
2337 145.882 -3.98307 -16.2027
2467 -155.118 5.42523 15.7598
2085 -120.118 -120.416 -103.907
2217 -20.1176 16.7505 34.8381
2474 -265.118 -103.69 -81.8606
2347 -59.1176 -59.0455 -57.0439
2093 306.882 179.987 158.397
2355 -38.1176 23.7178 37.1536
2357 -79.1176 36.1017 49.8547
2359 -134.118 -49.0638 -37.8513
2233 -157.118 -182.713 -210.111
2234 70.8824 10.0276 -3.48372
2079 -78.1176 15.1173 27.9221
2372 -20.1176 -20.2359 -39.098
2126 119.882 119.847 113.085
2387 -103.118 -98.8072 -83.1805
2517 85.8824 85.8059 90.197
2262 -14.1176 -65.6641 -80.3604
2520 92.8824 53.7144 19.6642
2148 -71.1176 84.2004 100.819
2266 192.882 46.5619 24.6927
2395 -93.1176 -31.4587 -16.6513
2269 -181.118 -118.978 -104.066
2144 155.882 95.5737 74.2444
2401 -200.118 -56.771 -40.1929
2491 74.8824 -6.98855 -19.6295
2276 -27.1176 -27.236 -41.0801
2292 -9.11765 -9.09707 -5.63264
2153 -114.118 1.26873 18.2278
2036 91.8824 -121.419 -144.703
2421 153.882 154.261 96.7927
2039 30.8824 30.9574 14.5776
2168 -79.1176 26.5834 40.451
2426 -147.118 -78.6397 -62.4576
2299 -308.118 116.481 141.389
2431 0.882353 74.8579 129.68
