2177 271.945 3.55317 3.34854
2308 -31.0551 2.37014 3.39479
2056 -96.0551 2.37014 3.37387
2062 -125.055 2.37014 3.3505
2448 -29.0551 2.37014 3.41636
2066 37.9449 3.55317 3.38149
2451 -3.05512 2.37014 3.3955
2453 63.9449 3.55317 3.35358
2203 -12.0551 2.37014 3.36468
2205 -50.0551 2.37014 3.39174
2082 19.9449 3.55317 3.27831
2083 3.94488 3.55317 3.35685
2212 -53.0551 2.37014 3.38377
2341 6.94488 3.55317 3.37492
2350 172.945 3.55317 3.35921
2504 -40.0551 2.37014 3.42644
2099 -16.0551 2.37014 3.38546
2230 -48.0551 2.37014 3.38687
2109 -45.0551 2.37014 3.42603
2242 20.9449 3.55317 3.43089
2120 -117.055 2.37014 3.34727
2323 10.9449 3.55317 3.4151
2425 -130.055 2.37014 3.40435
2173 35.9449 3.55317 3.34401
2197 195.945 3.55317 3.22105
