2049 -123.703 -42.5195 -15.6037
2057 -38.7027 -35.5121 -32.3768
2190 -60.7027 -5.71977 7.65262
2478 210.297 115.999 88.0807
2200 56.2973 -3.50984 -7.64451
2207 -11.7027 -79.7356 -101.342
2466 36.2973 103.339 121.806
2470 98.2973 12.5067 -25.9051
2094 85.2973 -37.5324 -47.8711
2223 58.2973 58.6346 52.2878
2480 -24.7027 -14.1291 -9.96062
2481 4.2973 131.567 157.189
2035 82.2973 10.4338 -9.7544
2488 82.2973 5.34832 0.101998
2489 184.297 112.626 97.6494
2106 -337.703 -273.964 -238.519
2235 27.2973 154.934 167.492
2244 138.297 117.495 110.48
2501 64.2973 32.4599 13.1262
2375 -300.703 -1.15692 32.616
2248 -31.7027 18.8538 28.0376
2419 -199.703 -72.2017 -41.8583
2384 -0.702703 -9.61961 -13.9913
2105 -9.7027 -23.2474 -31.9369
2142 -12.7027 -13.0446 -5.61154
2272 -60.7027 24.8721 31.6735
2405 16.2973 19.3134 31.3313
2151 4.2973 4.48119 5.546
2281 44.2973 -26.0896 -32.0616
2163 77.2973 -32.1446 -77.6575
2037 -69.7027 -77.215 -94.2078
2046 88.2973 27.2114 21.6225
