2433 -6.98529 32.8418 34.7058
2051 -104.985 2.25801 4.14875
2180 -89.9853 -61.7201 -60.7904
2054 -90.9853 16.9949 18.4572
2157 -79.9853 60.7137 64.7036
2435 -24.9853 -4.72955 5.13829
2204 -115.985 -48.5139 -46.2036
2084 -102.985 -26.6618 -25.1489
2219 -120.985 -63.4721 -62.342
2220 216.015 73.2441 71.9321
2487 104.015 98.2245 96.1654
2370 -20.9853 19.329 22.8298
2373 56.0147 -2.53803 -5.03325
2118 33.0147 111.631 113.149
2247 45.0147 96.8092 98.226
2381 123.015 106.795 101.884
2255 -185.985 20.7015 34.6514
2389 90.0147 46.5876 43.2796
2263 -68.9853 -6.25558 2.47632
2045 -50.9853 -108.655 -109.805
2029 55.0147 -62.9173 -63.9557
2031 55.0147 17.8098 15.8096
2160 117.015 -71.4233 -73.0385
2302 -32.9853 -141.393 -148.193
2427 39.0147 -59.2215 -61.3986
2429 126.015 78.6315 71.4394
2174 -61.9853 95.591 98.8378
