2304 62.2233 -0.698366 -1.20497
2178 44.2233 -0.698366 -1.16239
2442 55.2233 -0.698366 -1.20332
2192 85.2233 -0.698366 -1.22791
2193 -36.7767 -1.32769 -1.23344
2336 -44.7767 -1.32769 -1.19583
2246 -43.7767 -1.32769 -1.2411
2483 -104.777 -1.32769 -1.22698
2363 13.2233 -0.698366 -1.23811
2236 14.2233 -0.698366 -1.15932
2374 60.2233 -0.698366 -1.24767
2250 46.2233 -0.698366 -1.2298
2380 -6.7767 -1.32769 -1.24169
2382 -75.7767 -1.32769 -1.21742
2386 21.2233 -0.698366 -1.24453
2143 14.2233 -0.698366 -1.24095
2402 23.2233 -0.698366 -1.22787
2282 40.2233 -0.698366 -1.23234
2155 57.2233 -0.698366 -1.24368
2159 23.2233 -0.698366 -1.15449
2161 -0.776699 -0.698366 -1.22439
2038 16.2233 -0.698366 -1.21686
2423 -26.7767 -1.32769 -1.2486
2175 -101.777 -1.32769 -1.21054
