2340 41.3486 -0.495773 -1.57173
2245 15.3486 -0.495773 -1.4683
2055 -120.651 -2.03105 -1.46995
2152 -69.6514 -2.03105 -1.56552
2300 -33.6514 -2.03105 -1.48579
2317 47.3486 -0.495773 -1.44734
2320 45.3486 -0.495773 -1.43117
2322 31.3486 -0.495773 -1.56263
2293 -22.6514 -2.03105 -1.5773
2198 45.3486 -0.495773 -1.49247
2364 11.3486 -0.495773 -1.52435
2072 43.3486 -0.495773 -1.60017
2265 35.3486 -0.495773 -1.4842
2268 75.3486 -0.495773 -1.24076
2461 18.3486 -0.495773 -1.55869
2117 -14.6514 -2.03105 -1.53412
2053 -103.651 -2.03105 -1.50902
