2433 -6.98529 -2.17555 -1.9019
2051 -104.985 -2.17555 -1.90511
2180 -89.9853 -2.17555 -1.84545
2054 -90.9853 -2.17555 -1.95679
2157 -79.9853 -2.17555 -1.96261
2435 -24.9853 -2.17555 -1.85399
2204 -115.985 -2.17555 -1.97818
2084 -102.985 -2.17555 -1.95118
2219 -120.985 -2.17555 -1.97952
2220 216.015 -0.896652 -1.92869
2487 104.015 -0.896652 -1.95968
2370 -20.9853 -2.17555 -1.9478
2373 56.0147 -0.896652 -1.93838
2118 33.0147 -0.896652 -1.9541
2247 45.0147 -0.896652 -1.94935
2381 123.015 -0.896652 -1.9216
2255 -185.985 -2.17555 -1.96007
2389 90.0147 -0.896652 -1.98155
2263 -68.9853 -2.17555 -1.96851
2045 -50.9853 -2.17555 -1.9582
2029 55.0147 -0.896652 -1.87689
2031 55.0147 -0.896652 -1.88365
2160 117.015 -0.896652 -1.86647
2302 -32.9853 -2.17555 -1.96029
2427 39.0147 -0.896652 -1.93285
2429 126.015 -0.896652 -1.94227
2174 -61.9853 -2.17555 -1.93402
