2048 -47.4951 -42.5848 -35.7286
2445 49.5049 32.4528 29.9419
2324 52.5049 29.5455 22.4275
2078 16.5049 -44.3837 -62.1203
2473 138.505 152.322 160.559
2346 84.5049 1.0138 -11.4269
2091 120.505 25.0211 16.4906
2221 10.5049 -67.1089 -74.9128
2352 -13.4951 -81.3656 -95.7805
2098 -19.4951 30.0459 37.1266
2366 -62.4951 -202.929 -208.892
2368 82.5049 72.6836 67.3471
2243 -45.4951 60.459 73.8213
2116 -37.4951 -7.88292 -1.29836
2503 -275.495 -161.829 -144.843
2253 36.5049 -20.4009 -35.0897
2129 3.50485 100.291 113.649
2260 -6.49515 11.9447 19.4928
2525 12.5049 -105.332 -114.95
2274 66.5049 120.075 125.625
2284 27.5049 62.562 77.9009
2033 73.5049 -40.5437 -59.5479
2424 -7.49515 19.9854 23.7697
