2210 95.338 2.01403 1.86422
2371 77.338 2.01403 1.83553
2102 121.338 2.01403 1.8879
2407 5.33803 2.01403 1.89682
2344 -231.662 1.23299 1.92069
2313 38.338 2.01403 1.91424
2475 21.338 2.01403 1.91872
2418 25.338 2.01403 1.88839
2286 23.338 2.01403 1.9175
2063 -6.66197 1.23299 1.90843
2321 126.338 2.01403 1.89864
2130 -208.662 1.23299 1.89527
2134 42.338 2.01403 1.88152
2413 -189.662 1.23299 1.82593
2296 89.338 2.01403 1.88045
2169 -178.662 1.23299 1.84249
2509 69.338 2.01403 1.85034
2127 42.338 2.01403 1.87478
2469 137.338 2.01403 1.89967
