2049 -123.703 -16.3025 26.6429
2057 -38.7027 -30.6815 -22.441
2190 -60.7027 -35.6756 -23.907
2478 210.297 188.727 155.717
2200 56.2973 31.7306 19.9725
2207 -11.7027 -33.6263 -50.2798
2466 36.2973 125.125 136.323
2470 98.2973 106.998 114.415
2094 85.2973 2.37626 -31.1959
2223 58.2973 50.7443 33.1391
2480 -24.7027 -108.758 -114.056
2481 4.2973 111.159 225.705
2035 82.2973 136.216 153.985
2488 82.2973 70.2684 5.31449
2489 184.297 17.4793 3.71271
2106 -337.703 -138.647 -118.606
2235 27.2973 27.3006 28.2747
2244 138.297 48.847 39.2264
2501 64.2973 -32.6884 -43.8584
2375 -300.703 -104.121 -39.2342
2248 -31.7027 -4.19401 -0.649805
2419 -199.703 -49.6237 -36.229
2384 -0.702703 -5.3827 -12.8402
2105 -9.7027 -4.13356 5.50064
2142 -12.7027 -27.599 -52.7229
2272 -60.7027 25.0985 33.7103
2405 16.2973 6.9039 3.80741
2151 4.2973 4.02327 13.9535
2281 44.2973 -25.6039 -51.8468
2163 77.2973 -165.839 -172.357
2037 -69.7027 -158.54 -202.886
2046 88.2973 80.6806 74.7677
