2048 -47.4951 -0.731539 -0.633916
2445 49.5049 -0.24613 -0.6406
2324 52.5049 -0.24613 -0.650255
2078 16.5049 -0.24613 -0.637281
2473 138.505 -0.24613 -0.665351
2346 84.5049 -0.24613 -0.649172
2091 120.505 -0.24613 -0.643241
2221 10.5049 -0.24613 -0.645126
2352 -13.4951 -0.731539 -0.649413
2098 -19.4951 -0.731539 -0.660828
2366 -62.4951 -0.731539 -0.547975
2368 82.5049 -0.24613 -0.656697
2243 -45.4951 -0.731539 -0.670851
2116 -37.4951 -0.731539 -0.65674
2503 -275.495 -0.731539 -0.655103
2253 36.5049 -0.24613 -0.656751
2129 3.50485 -0.24613 -0.634856
2260 -6.49515 -0.731539 -0.642111
2525 12.5049 -0.24613 -0.621885
2274 66.5049 -0.24613 -0.670919
2284 27.5049 -0.24613 -0.66131
2033 73.5049 -0.24613 -0.662135
2424 -7.49515 -0.731539 -0.64176
