2048 -47.4951 -2.58704 -1.69441
2445 49.5049 -0.353291 -1.69497
2324 52.5049 -0.35329 -1.72267
2078 16.5049 -0.353291 -1.63244
2473 138.505 -0.35329 -1.84095
2346 84.5049 -0.353291 -1.72945
2091 120.505 -0.35329 -1.7397
2221 10.5049 -0.35329 -1.73633
2352 -13.4951 -2.58704 -1.71888
2098 -19.4951 -2.58704 -1.81729
2366 -62.4951 -2.58704 -1.32983
2368 82.5049 -0.35329 -1.78793
2243 -45.4951 -2.58704 -1.81705
2116 -37.4951 -2.58704 -1.81649
2503 -275.495 -2.58704 -1.77433
2253 36.5049 -0.353291 -1.79361
2129 3.50485 -0.35329 -1.75825
2260 -6.49515 -2.58704 -1.73072
2525 12.5049 -0.353291 -1.60492
2274 66.5049 -0.35329 -1.85707
2284 27.5049 -0.353291 -1.81528
2033 73.5049 -0.35329 -1.75442
2424 -7.49515 -2.58704 -1.66827
