2052 -276.519 -49.2732 -36.4522
2186 -294.519 -219.324 -192.778
2444 273.481 24.0815 -33.7506
2449 -262.519 -185.247 -154.775
2071 148.481 149.39 193.117
2328 62.4808 -8.25095 -23.6344
2201 -297.519 249.33 258.827
2334 -26.5192 -145.527 -153.284
2209 1.48077 -160.901 -175.352
2476 455.481 -39.7007 -60.9206
2231 265.481 -226.318 -237.782
2360 396.481 -181.88 -194.862
2237 62.4808 62.5119 62.7449
2497 18.4808 -140.304 -191.21
2505 318.481 195.478 175.644
2258 106.481 45.2607 -4.39787
2388 330.481 -31.6175 -44.7478
2518 -98.5192 65.7533 86.9782
2408 302.481 165.738 78.9329
2028 153.481 -168.058 -182.439
2158 -67.5192 -110.324 -125.08
2415 -15.5192 -15.4848 -7.99732
2044 -297.519 -125.629 -106.297
