2305 206.547 -75.302 -89.7111
2434 82.5473 81.8204 78.8419
2410 47.5473 89.4108 92.1324
2181 53.5473 103.615 107.788
2182 -38.4527 20.9641 25.9937
2311 -9.4527 -86.4126 -90.0562
2312 92.5473 48.7757 38.8598
2443 -36.4527 -6.58724 1.94764
2447 -52.4527 29.1973 34.8156
2064 123.547 46.9148 42.1857
2450 213.547 -13.0925 -14.7085
2195 87.5473 -56.1893 -64.6547
2068 -31.4527 -94.5219 -99.0465
2327 46.5473 -18.7217 -30.9095
2329 90.5473 -6.10437 -17.1396
2202 -89.4527 -37.223 -34.4686
2459 -36.4527 24.7846 28.155
2076 20.5473 43.3449 46.1933
2309 -15.4527 -58.0712 -74.305
2208 -48.4527 126.874 130.019
2213 -320.453 -33.084 -28.0707
2216 -49.4527 39.6617 48.9858
2332 -38.4527 -24.9491 -22.7092
2349 -58.4527 12.7588 19.85
2224 121.547 74.27 69.4533
2482 56.5473 13.3349 5.53092
2100 -54.4527 26.2549 34.2308
2104 -71.4527 -3.29767 17.539
2356 -45.4527 -223.104 -229.577
2362 -75.4527 -29.3541 -13.5524
2365 113.547 94.9524 87.7426
2295 63.5473 43.4785 31.074
2367 -0.452703 -6.47746 -18.1809
2241 93.5473 -30.2623 -33.5176
2119 -9.4527 -60.5058 -63.3734
2249 -248.453 -177.523 -133.739
2506 20.5473 33.8522 36.5946
2507 -98.4527 -3.79756 1.18775
2252 -66.4527 77.1664 86.8965
2385 -21.4527 -4.16183 -1.37846
2137 37.5473 9.072 3.13597
2191 45.5473 -25.662 -32.9693
2273 -33.4527 -30.891 -37.4831
2146 -51.4527 -199.353 -203.471
2228 48.5473 40.0264 30.1302
2021 50.5473 66.6991 68.5809
2278 -265.453 -31.5235 3.76315
2257 -75.4527 15.8396 38.9881
2437 5.5473 -25.8797 -29.6464
2409 40.5473 40.5347 43.9409
2026 -58.4527 -64.814 -71.1434
2023 43.5473 -23.4865 -26.7716
2156 8.5473 -34.6755 -36.8505
2285 32.5473 -12.1891 -17.5552
2369 11.5473 58.48 63.3895
2280 59.5473 76.2794 83.5802
2034 -42.4527 -42.4473 -44.6996
2067 -52.4527 16.011 24.7457
2167 -49.4527 48.506 54.4543
2154 95.5473 13.7629 0.655115
