2306 -15.6626 82.0121 83.8548
2065 -87.6626 -30.9413 -29.4873
2452 69.3374 32.7589 30.5832
2325 -50.6626 -60.3134 -61.3906
2326 -149.663 -20.2053 -17.054
2464 -60.6626 -117.434 -119.787
2081 -15.6626 -71.7528 -73.773
2338 -39.6626 11.8797 13.9443
2222 -36.6626 -33.0491 -31.141
2354 -48.6626 -36.2478 -33.5457
2490 66.3374 -32.6053 -36.1224
2108 74.3374 71.2152 68.5868
2493 -99.6626 36.0702 38.0201
2495 30.3374 56.4267 59.7043
2240 17.3374 92.1645 95.8091
2502 208.337 -43.3002 -46.8916
2378 16.3374 5.01845 0.39765
2123 49.3374 -88.5113 -89.8306
2124 -55.6626 -30.7468 -29.3102
2125 82.3374 -18.9757 -20.6056
2514 12.3374 47.7133 49.6598
2515 -63.6626 22.3323 25.9336
2261 78.3374 56.3494 53.0874
2521 158.337 43.2445 37.0933
2170 -110.663 22.629 37.6006
2400 68.3374 79.0855 80.1485
2403 -59.6626 -22.1818 -18.3984
2406 -88.6626 107.782 110.305
2289 -123.663 54.7633 57.525
2165 87.3374 3.14003 -1.42444
2042 -60.6626 -27.4744 -21.5229
2069 -1.66258 27.1665 31.4767
