2432 21.1019 0.116602 -0.178596
2092 -18.8981 -0.220811 -0.178383
2059 138.102 0.116602 -0.160447
2060 22.1019 0.116602 -0.161575
2114 26.1019 0.116602 -0.181825
2331 45.1019 0.116602 -0.176131
2468 71.1019 0.116602 -0.173384
2087 31.1019 0.116602 -0.15456
2472 9.10191 0.116602 -0.17771
2396 61.1019 0.116602 -0.169876
2348 -23.8981 -0.220811 -0.176155
2226 -6.89809 -0.220811 -0.175734
2492 -281.898 -0.220811 -0.177709
2498 -8.89809 -0.220811 -0.164807
2188 -270.898 -0.220811 -0.164663
2379 166.102 0.116602 -0.178954
2513 -194.898 -0.220811 -0.150559
2516 6.10191 0.116602 -0.175078
2264 -10.8981 -0.220811 -0.165078
2522 22.1019 0.116602 -0.175422
2267 189.102 0.116602 -0.167567
2140 -266.898 -0.220811 -0.172317
2270 -251.898 -0.220811 -0.17053
2399 155.102 0.116602 -0.167714
2411 119.102 0.116602 -0.16868
2412 6.10191 0.116602 -0.171787
2416 1.10191 0.116602 -0.172756
2417 56.1019 0.116602 -0.172619
2294 98.1019 0.116602 -0.172668
