2049 -123.703 1.0512 1.4892
2057 -38.7027 1.0512 1.49653
2190 -60.7027 1.0512 1.50602
2478 210.297 1.58977 1.52725
2200 56.2973 1.58977 1.51269
2207 -11.7027 1.0512 1.50577
2466 36.2973 1.58977 1.52044
2470 98.2973 1.58977 1.48873
2094 85.2973 1.58977 1.50948
2223 58.2973 1.58977 1.52381
2480 -24.7027 1.0512 1.4798
2481 4.2973 1.58977 1.50506
2035 82.2973 1.58977 1.49682
2488 82.2973 1.58977 1.5152
2489 184.297 1.58977 1.51885
2106 -337.703 1.0512 1.37782
2235 27.2973 1.58977 1.49525
2244 138.297 1.58977 1.49317
2501 64.2973 1.58977 1.50812
2375 -300.703 1.0512 1.37323
2248 -31.7027 1.0512 1.5041
2419 -199.703 1.0512 1.51304
2384 -0.702703 1.0512 1.50823
2105 -9.7027 1.0512 1.52364
2142 -12.7027 1.0512 1.50633
2272 -60.7027 1.0512 1.50786
2405 16.2973 1.58977 1.48965
2151 4.2973 1.58977 1.50277
2281 44.2973 1.58977 1.49931
2163 77.2973 1.58977 1.50392
2037 -69.7027 1.0512 1.48377
2046 88.2973 1.58977 1.50636
