2210 95.338 -28.8529 -46.7301
2371 77.338 83.2929 85.6303
2102 121.338 60.8629 51.2172
2407 5.33803 -171.986 -188.445
2344 -231.662 -118.768 -90.8754
2313 38.338 87.447 92.8577
2475 21.338 21.345 18.5955
2418 25.338 18.0352 9.07013
2286 23.338 -233.603 -255.451
2063 -6.66197 83.7093 89.8876
2321 126.338 80.2172 52.0446
2130 -208.662 -288.75 -294.896
2134 42.338 -91.4819 -97.0935
2413 -189.662 -17.4175 7.27008
2296 89.338 14.5308 9.87206
2169 -178.662 -209.997 -213.008
2509 69.338 33.5707 22.8398
2127 42.338 -13.0493 -31.6339
2469 137.338 255.832 266.703
