2304 62.2233 -207.398 -219.799
2178 44.2233 -23.2561 -28.8732
2442 55.2233 35.6354 28.4283
2192 85.2233 5.3667 -3.18136
2193 -36.7767 -39.308 -45.1563
2336 -44.7767 66.3166 69.929
2246 -43.7767 -102.76 -111.082
2483 -104.777 86.8999 96.9417
2363 13.2233 -173.426 -183.02
2236 14.2233 45.5087 49.5577
2374 60.2233 1.85162 -11.3072
2250 46.2233 -133.956 -175.693
2380 -6.7767 0.92022 18.6093
2382 -75.7767 -125.039 -144.544
2386 21.2233 27.3094 32.7674
2143 14.2233 14.2348 18.4671
2402 23.2233 60.7234 64.5345
2282 40.2233 18.7365 12.7409
2155 57.2233 90.701 94.1775
2159 23.2233 6.95658 1.1719
2161 -0.776699 27.8563 33.3367
2038 16.2233 -82.0996 -88.8113
2423 -26.7767 35.7318 41.5293
2175 -101.777 -102.495 -112.752
