2340 41.3486 -98.5779 -101.877
2245 15.3486 42.5297 45.3931
2055 -120.651 101.832 108.761
2152 -69.6514 -64.517 -52.0332
2300 -33.6514 -116.511 -119.281
2317 47.3486 -57.7459 -61.8786
2320 45.3486 94.5011 96.9345
2322 31.3486 31.3004 29.233
2293 -22.6514 67.374 74.29
2198 45.3486 -5.41832 -10.2249
2364 11.3486 10.7802 3.9054
2072 43.3486 80.4971 85.5245
2265 35.3486 -53.8044 -57.3736
2268 75.3486 -23.2646 -28.2846
2461 18.3486 -32.2012 -39.9758
2117 -14.6514 -54.8336 -61.0003
2053 -103.651 -42.0245 -39.6522
