2307 29.8824 -16.1765 -22.2299
2436 71.8824 134.529 139.708
2439 -76.1176 -1.16847 2.95564
2440 -114.118 124.583 131.518
2189 84.8824 42.9548 37.7193
2446 152.882 -57.6705 -61.2054
2070 25.8824 -240.714 -248.577
2199 -99.1176 -87.4477 -84.84
2345 71.8824 116.351 122.005
2463 111.882 40.6308 16.1302
2337 145.882 -25.9725 -29.7621
2467 -155.118 -33.3246 -29.8411
2085 -120.118 15.778 22.4733
2217 -20.1176 70.8317 76.3283
2474 -265.118 -83.2269 -70.4791
2347 -59.1176 22.0968 23.8214
2093 306.882 130.153 125.901
2355 -38.1176 1.36488 15.7498
2357 -79.1176 114.001 118.12
2359 -134.118 -63.3025 -58.1546
2233 -157.118 -163.392 -171.0
2234 70.8824 48.7338 44.5849
2079 -78.1176 -79.5804 -83.4991
2372 -20.1176 204.597 210.721
2126 119.882 183.09 190.98
2387 -103.118 -93.4241 -83.2
2517 85.8824 166.47 172.875
2262 -14.1176 -16.6773 -30.2213
2520 92.8824 28.0319 24.5518
2148 -71.1176 181.938 187.547
2266 192.882 51.2278 39.5427
2395 -93.1176 83.0235 86.4732
2269 -181.118 -63.2337 -60.8788
2144 155.882 88.7806 79.0204
2401 -200.118 27.6501 32.1324
2491 74.8824 -10.4346 -17.9945
2276 -27.1176 24.9716 28.4935
2292 -9.11765 44.2081 50.4391
2153 -114.118 16.903 32.4943
2036 91.8824 67.7279 63.8426
2421 153.882 -31.0947 -37.7567
2039 30.8824 -85.2632 -92.5835
2168 -79.1176 62.4943 66.2187
2426 -147.118 -36.1507 -34.0303
2299 -308.118 -184.531 -162.963
2431 0.882353 132.858 136.651
