2340 41.3486 44.9391 21.3069
2245 15.3486 15.1966 22.3414
2055 -120.651 30.4065 34.719
2152 -69.6514 -35.5484 -14.0498
2300 -33.6514 -35.3598 -28.06
2317 47.3486 35.6304 29.9199
2320 45.3486 45.3481 47.4845
2322 31.3486 31.3409 36.1669
2293 -22.6514 151.825 178.776
2198 45.3486 34.9597 28.9665
2364 11.3486 12.8377 20.8503
2072 43.3486 9.93434 1.60161
2265 35.3486 -42.8977 -49.3686
2268 75.3486 -28.3615 -32.292
2461 18.3486 18.4375 34.823
2117 -14.6514 -156.237 -182.89
2053 -103.651 -39.0926 -23.1006
