2050 -279.135 -259.573 -235.861
2179 4.86538 24.4933 28.9293
2438 82.8654 -24.1028 -40.2542
2183 84.8654 16.6539 14.4737
2315 15.8654 36.5257 40.8416
2194 -9.13461 49.6349 54.2094
2460 98.8654 131.999 138.219
2342 53.8654 85.6155 100.277
2218 10.8654 -12.5565 -24.2144
2477 -60.1346 -60.1317 -54.7357
2229 -24.1346 -24.1245 -24.1814
2103 119.865 81.705 75.516
2113 13.8654 31.1474 40.5593
2115 67.8654 21.738 14.7967
2259 -66.1346 19.3298 23.8002
2523 60.8654 39.7778 33.5383
2275 24.8654 -2.31967 -12.7872
2022 62.8654 75.4824 83.8651
2024 42.8654 41.4839 38.5302
2283 -30.1346 27.3971 35.6769
2291 48.8654 -38.1396 -51.3093
2297 -17.1346 59.2753 64.3444
