2177 271.945 142.98 134.022
2308 -31.0551 3.49801 21.3635
2056 -96.0551 -95.0134 -86.7167
2062 -125.055 -30.296 -21.2315
2448 -29.0551 -5.68811 2.12376
2066 37.9449 -111.55 -126.992
2451 -3.05512 -57.2577 -77.7562
2453 63.9449 91.2903 108.087
2203 -12.0551 111.542 117.713
2205 -50.0551 53.4285 63.6438
2082 19.9449 -132.153 -149.407
2083 3.94488 -56.1344 -69.292
2212 -53.0551 64.1096 75.0216
2341 6.94488 -64.2842 -97.0866
2350 172.945 52.1981 41.3796
2504 -40.0551 -73.1827 -84.7296
2099 -16.0551 -30.3392 22.5889
2230 -48.0551 -74.9804 -86.827
2109 -45.0551 68.8845 76.0688
2242 20.9449 22.2762 39.2246
2120 -117.055 -116.959 -133.913
2323 10.9449 -42.5929 -56.7458
2425 -130.055 71.5939 90.9231
2173 35.9449 62.2295 73.4369
2197 195.945 211.706 223.945
