2432 21.1019 -0.494024 -1.55989
2092 -18.8981 -1.93964 -1.567
2059 138.102 -0.494024 -1.50653
2060 22.1019 -0.494024 -1.51721
2114 26.1019 -0.494024 -1.59484
2331 45.1019 -0.494024 -1.58401
2468 71.1019 -0.494024 -1.59747
2087 31.1019 -0.494024 -1.44016
2472 9.10191 -0.494024 -1.57476
2396 61.1019 -0.494024 -1.53088
2348 -23.8981 -1.93964 -1.59942
2226 -6.89809 -1.93964 -1.57815
2492 -281.898 -1.93964 -1.58838
2498 -8.89809 -1.93964 -1.53884
2188 -270.898 -1.93964 -1.54102
2379 166.102 -0.494024 -1.5912
2513 -194.898 -1.93964 -1.4829
2516 6.10191 -0.494024 -1.52384
2264 -10.8981 -1.93964 -1.51811
2522 22.1019 -0.494024 -1.57737
2267 189.102 -0.494024 -1.54449
2140 -266.898 -1.93964 -1.57347
2270 -251.898 -1.93964 -1.51626
2399 155.102 -0.494024 -1.5253
2411 119.102 -0.494024 -1.53914
2412 6.10191 -0.494024 -1.53738
2416 1.10191 -0.494024 -1.55945
2417 56.1019 -0.494024 -1.59884
2294 98.1019 -0.494024 -1.56684
