2176 53.3321 4.01752 3.80586
2441 103.332 4.01752 3.81477
2058 96.3321 4.01752 3.80232
2316 107.332 4.01752 3.74576
2318 196.332 4.01752 3.8135
2319 123.332 4.01752 3.70466
2073 -40.6679 2.48925 3.75888
2456 123.332 4.01752 3.80391
2457 -64.6679 2.48925 3.76858
2330 175.332 4.01752 3.77759
2333 -20.6679 2.48925 3.74533
2206 -94.6679 2.48925 3.6951
2335 35.3321 4.01752 3.79754
2080 -35.6679 2.48925 3.76629
2086 100.332 4.01752 3.66731
2343 -109.668 2.48925 3.76298
2090 62.3321 4.01752 3.69415
2351 4.33206 4.01752 3.778
2225 -96.6679 2.48925 3.79195
2353 77.3321 4.01752 3.81701
2227 -151.668 2.48925 3.72559
2486 153.332 4.01752 3.70777
2121 -95.6679 2.48925 3.76088
2361 -91.6679 2.48925 3.8071
2107 142.332 4.01752 3.78732
2314 88.3321 4.01752 3.76221
2110 129.332 4.01752 3.71495
2111 182.332 4.01752 3.75443
2500 -184.668 2.48925 3.66613
2377 41.3321 4.01752 3.76113
2122 85.3321 4.01752 3.72798
2251 -60.6679 2.48925 3.80579
2508 -86.6679 2.48925 3.79541
2511 -3.66794 2.48925 3.7059
2128 63.3321 4.01752 3.76944
2131 145.332 4.01752 3.6907
2138 -66.6679 2.48925 3.7857
2135 -133.668 2.48925 3.69596
2136 34.3321 4.01752 3.76213
2394 262.332 4.01752 3.8018
2383 -397.668 2.48925 3.74358
2524 18.3321 4.01752 3.66696
2141 398.332 4.01752 3.73465
2458 132.332 4.01752 3.72464
2271 -113.668 2.48925 3.8242
2256 99.3321 4.01752 3.83203
2043 -428.668 2.48925 3.77238
2150 142.332 4.01752 3.72197
2471 -119.668 2.48925 3.7248
2030 -101.668 2.48925 3.58569
2032 -19.6679 2.48925 3.76532
2290 -70.6679 2.48925 3.80159
2238 9.33206 4.01752 3.69147
2041 -4.66794 2.48925 3.71759
2171 -0.667939 2.48925 3.77125
2172 -191.668 2.48925 3.73631
2047 -72.6679 2.48925 3.72987
