2310 43.1972 34.8165 30.9298
2061 143.197 72.6894 68.8594
2196 119.197 20.9916 17.851
2075 -132.803 33.4396 36.2679
2462 -94.8028 39.1812 41.7306
2214 -37.8028 5.10151 15.3418
2095 65.1972 41.1586 36.5401
2484 6.19718 37.3411 39.655
2485 -113.803 2.90596 5.99533
2494 144.197 -88.4594 -91.8382
2239 132.197 -114.224 -119.399
2112 94.1972 79.5665 74.9773
2254 -34.8028 -167.283 -170.949
2512 -80.8028 43.5583 45.9436
2132 34.1972 -88.1813 -90.999
2133 -91.8028 -109.196 -113.896
2519 -55.8028 -59.003 -60.8334
2392 -11.8028 -55.8336 -57.2331
2397 -114.803 -49.7012 -45.6752
2398 -84.8028 13.0648 15.2581
2277 -25.8028 7.11532 10.6926
2145 -82.8028 -97.0147 -102.388
2149 -157.803 -25.0452 -18.3352
2025 11.1972 -109.8 -112.146
2414 -12.8028 -7.73931 -4.81787
2162 -34.8028 -54.0128 -60.1472
2420 6.19718 -42.8379 -48.6794
2166 28.1972 -53.7731 -59.6714
2040 37.1972 43.2011 46.3166
2298 115.197 -29.3023 -34.1153
2428 -91.8028 4.67251 6.76929
