2052 -276.519 -5.15567 -4.98627
2186 -294.519 -5.15567 -4.91355
2444 273.481 -3.69838 -4.99783
2449 -262.519 -5.15567 -4.92
2071 148.481 -3.69837 -4.89203
2328 62.4808 -3.69837 -4.91531
2201 -297.519 -5.15567 -4.96713
2334 -26.5192 -5.15567 -4.93939
2209 1.48077 -3.69837 -4.95903
2476 455.481 -3.69837 -4.89252
2231 265.481 -3.69837 -4.95975
2360 396.481 -3.69837 -4.94711
2237 62.4808 -3.69837 -4.93707
2497 18.4808 -3.69837 -4.89542
2505 318.481 -3.69837 -4.92536
2258 106.481 -3.69837 -4.91438
2388 330.481 -3.69838 -4.98501
2518 -98.5192 -5.15567 -4.96417
2408 302.481 -3.69837 -4.93028
2028 153.481 -3.69838 -4.89435
2158 -67.5192 -5.15567 -4.92087
2415 -15.5192 -5.15567 -4.95191
2044 -297.519 -5.15567 -4.94798
