2176 53.3321 47.6261 37.2792
2441 103.332 36.6273 32.3512
2058 96.3321 49.1398 43.9705
2316 107.332 36.224 32.9903
2318 196.332 37.2311 34.3373
2319 123.332 -39.9644 -48.7565
2073 -40.6679 40.523 45.0982
2456 123.332 87.259 48.4209
2457 -64.6679 -8.2012 -4.10155
2330 175.332 38.5164 33.7308
2333 -20.6679 -126.996 -132.113
2206 -94.6679 58.3017 61.3104
2335 35.3321 168.063 176.016
2080 -35.6679 25.4978 32.4812
2086 100.332 -98.2288 -100.304
2343 -109.668 -29.1084 -21.5315
2090 62.3321 31.8336 28.538
2351 4.33206 34.6693 37.0766
2225 -96.6679 59.6793 66.4859
2353 77.3321 197.331 207.229
2227 -151.668 55.4505 60.1644
2486 153.332 -85.3154 -92.0669
2121 -95.6679 -68.6453 -63.6802
2361 -91.6679 45.8567 50.8408
2107 142.332 57.2485 52.3929
2314 88.3321 7.51203 4.09256
2110 129.332 103.066 97.9881
2111 182.332 -41.8913 -44.7425
2500 -184.668 -30.2139 -27.4436
2377 41.3321 104.343 107.295
2122 85.3321 13.5266 7.28632
2251 -60.6679 -135.601 -147.118
2508 -86.6679 25.9695 31.4312
2511 -3.66794 -26.8118 -28.6829
2128 63.3321 115.055 122.698
2131 145.332 -12.6622 -15.3194
2138 -66.6679 -123.439 -128.532
2135 -133.668 17.193 22.5557
2136 34.3321 -20.8315 -24.9955
2394 262.332 109.055 104.93
2383 -397.668 -51.7786 -47.1057
2524 18.3321 -96.6607 -104.783
2141 398.332 -16.5687 -18.7612
2458 132.332 85.4893 68.4687
2271 -113.668 4.08681 9.83041
2256 99.3321 102.829 110.493
2043 -428.668 -119.74 -111.044
2150 142.332 -155.343 -157.206
2471 -119.668 -33.2774 -29.4231
2030 -101.668 108.315 110.811
2032 -19.6679 -107.733 -110.233
2290 -70.6679 -83.2637 -86.8125
2238 9.33206 -62.5612 -66.7254
2041 -4.66794 -123.054 -128.643
2171 -0.667939 -114.773 -122.043
2172 -191.668 54.184 58.3953
2047 -72.6679 -72.6477 -59.8131
