2339 79.5755 25.4561 22.2662
2358 194.575 84.2152 77.4876
2376 43.5755 51.13 74.3029
2185 39.5755 -19.1823 -44.1831
2187 -151.425 -13.1615 -6.24088
2287 231.575 57.3859 49.0278
2096 120.575 27.2206 22.1826
2088 -159.425 87.2006 94.4812
2139 22.5755 106.347 116.667
2147 -96.4245 -6.20671 15.67
2164 12.5755 40.1707 50.4726
2101 10.5755 202.623 210.129
2454 -148.425 -109.798 -104.205
2232 47.5755 -87.7272 -93.3641
2393 -89.4245 -89.2245 -73.4138
2074 -176.425 -62.7452 -46.6306
2479 30.5755 -37.7482 -46.6728
2301 -104.425 -7.02191 13.013
2303 -97.4245 -17.0328 1.60558
