2432 21.1019 -124.212 -144.227
2092 -18.8981 -18.7484 -16.2972
2059 138.102 27.1136 10.4897
2060 22.1019 23.9665 45.5729
2114 26.1019 25.9244 37.5566
2331 45.1019 53.7636 66.2611
2468 71.1019 80.0812 83.9417
2087 31.1019 -66.554 -80.3515
2472 9.10191 66.632 78.0688
2396 61.1019 21.2652 13.8849
2348 -23.8981 79.8768 91.6486
2226 -6.89809 26.2821 34.7907
2492 -281.898 -277.376 -272.651
2498 -8.89809 19.2299 23.3527
2188 -270.898 -76.3611 -36.3045
2379 166.102 41.3333 28.513
2513 -194.898 -52.387 -41.8465
2516 6.10191 -31.4485 -40.6343
2264 -10.8981 27.9203 32.6195
2522 22.1019 78.798 86.4406
2267 189.102 -4.79884 -15.3068
2140 -266.898 -260.875 -252.089
2270 -251.898 -246.545 -224.02
2399 155.102 71.8027 68.1016
2411 119.102 37.6569 32.205
2412 6.10191 -23.2939 -38.0967
2416 1.10191 12.0411 18.1276
2417 56.1019 59.4007 65.504
2294 98.1019 46.1203 37.7909
