2305 206.547 -89.1074 -97.3778
2434 82.5473 68.831 63.1993
2410 47.5473 115.47 126.279
2181 53.5473 82.8716 86.8646
2182 -38.4527 -38.7977 -31.871
2311 -9.4527 -96.2436 -99.2603
2312 92.5473 16.4546 11.9623
2443 -36.4527 -98.7209 -103.914
2447 -52.4527 250.736 254.16
2064 123.547 9.1259 3.07973
2450 213.547 47.1061 38.8888
2195 87.5473 -28.3986 -33.352
2068 -31.4527 -160.217 -163.581
2327 46.5473 15.2836 8.35209
2329 90.5473 -91.5028 -95.6903
2202 -89.4527 25.666 29.8303
2459 -36.4527 75.2534 78.078
2076 20.5473 42.4331 46.2825
2309 -15.4527 -82.9172 -90.896
2208 -48.4527 113.652 118.04
2213 -320.453 -54.2607 -50.9475
2216 -49.4527 160.194 165.478
2332 -38.4527 0.00421077 1.5327
2349 -58.4527 15.2973 23.652
2224 121.547 57.3246 51.6256
2482 56.5473 28.5603 18.1176
2100 -54.4527 67.6955 72.7008
2104 -71.4527 49.0103 54.0182
2356 -45.4527 -269.778 -272.334
2362 -75.4527 64.6503 71.3115
2365 113.547 87.5261 84.8498
2295 63.5473 48.9867 41.8634
2367 -0.452703 -20.5956 -24.2337
2241 93.5473 -7.14474 -13.496
2119 -9.4527 -74.5664 -77.8219
2249 -248.453 -115.758 -109.303
2506 20.5473 38.1951 41.6276
2507 -98.4527 76.1746 78.9501
2252 -66.4527 112.936 116.354
2385 -21.4527 -100.97 -103.285
2137 37.5473 70.7467 74.1419
2191 45.5473 -13.5741 -17.291
2273 -33.4527 4.80901 10.1753
2146 -51.4527 -155.124 -169.104
2228 48.5473 26.7562 21.2613
2021 50.5473 70.0974 74.6238
2278 -265.453 -2.92686 12.1637
2257 -75.4527 1.95033 10.4769
2437 5.5473 -60.2827 -62.3694
2409 40.5473 -47.145 -54.3854
2026 -58.4527 -81.8487 -85.969
2023 43.5473 61.5833 66.9348
2156 8.5473 -96.1343 -100.717
2285 32.5473 33.3342 35.9957
2369 11.5473 55.9807 58.9829
2280 59.5473 44.087 42.135
2034 -42.4527 -53.629 -59.4443
2067 -52.4527 38.8495 41.5152
2167 -49.4527 143.602 146.753
2154 95.5473 -7.04351 -9.26027
