2339 79.5755 118.592 132.894
2358 194.575 86.8589 75.1613
2376 43.5755 -103.603 -110.946
2185 39.5755 48.1878 57.9143
2187 -151.425 -121.858 -115.708
2287 231.575 29.0586 18.4506
2096 120.575 5.46897 -5.81847
2088 -159.425 -142.773 -136.602
2139 22.5755 -74.0285 -82.753
2147 -96.4245 19.9944 27.3151
2164 12.5755 -45.5368 -61.8278
2101 10.5755 -17.2167 -30.8311
2454 -148.425 -110.019 -101.943
2232 47.5755 116.371 128.712
2393 -89.4245 -93.0416 -102.401
2074 -176.425 -74.4513 -65.4642
2479 30.5755 -61.8087 -72.576
2301 -104.425 -87.392 -81.007
2303 -97.4245 -94.5179 -86.7826
