2176 53.3321 13.6484 1.19117
2441 103.332 -49.1468 -55.985
2058 96.3321 35.6625 26.3696
2316 107.332 5.91414 -12.4629
2318 196.332 -39.0852 -46.3508
2319 123.332 164.331 184.362
2073 -40.6679 4.07617 16.2324
2456 123.332 -109.379 -165.527
2457 -64.6679 -64.7587 -69.4994
2330 175.332 35.22 7.16101
2333 -20.6679 -249.881 -257.274
2206 -94.6679 50.3812 64.6219
2335 35.3321 170.742 203.187
2080 -35.6679 120.359 125.695
2086 100.332 -10.6946 -16.2427
2343 -109.668 -101.389 -96.6318
2090 62.3321 -9.60271 -15.8653
2351 4.33206 81.1557 104.455
2225 -96.6679 188.975 195.711
2353 77.3321 97.7544 103.932
2227 -151.668 -59.6775 -30.9494
2486 153.332 -4.38981 -16.9646
2121 -95.6679 32.3109 46.2319
2361 -91.6679 -54.8521 -33.8229
2107 142.332 16.8567 9.08608
2314 88.3321 -47.6585 -52.2052
2110 129.332 51.3939 36.5116
2111 182.332 -0.0214666 -38.8151
2500 -184.668 -69.7755 -63.2569
2377 41.3321 124.822 133.775
2122 85.3321 -101.756 -111.496
2251 -60.6679 -44.3198 -41.1427
2508 -86.6679 33.813 40.5526
2511 -3.66794 0.414988 4.76908
2128 63.3321 -12.7758 -44.7004
2131 145.332 -73.27 -81.8095
2138 -66.6679 -104.938 -109.415
2135 -133.668 -81.1755 -56.3161
2136 34.3321 19.4247 12.8258
2394 262.332 -85.3079 -108.416
2383 -397.668 -114.603 -109.669
2524 18.3321 -53.7635 -68.2033
2141 398.332 -28.9791 -54.0215
2458 132.332 128.301 109.094
2271 -113.668 17.4977 22.0665
2256 99.3321 160.625 173.188
2043 -428.668 -163.616 -149.622
2150 142.332 -100.555 -108.084
2471 -119.668 21.5624 27.8408
2030 -101.668 101.396 112.145
2032 -19.6679 -156.937 -160.76
2290 -70.6679 -57.0109 -50.3519
2238 9.33206 -87.5037 -100.527
2041 -4.66794 -64.8351 -78.3056
2171 -0.667939 90.5256 100.741
2172 -191.668 -3.8754 1.27592
2047 -72.6679 -20.7153 1.05226
