2177 271.945 149.326 116.253
2308 -31.0551 -0.529449 6.97948
2056 -96.0551 -36.4529 -18.6102
2062 -125.055 -14.3964 -5.50908
2448 -29.0551 -28.9923 -33.003
2066 37.9449 46.9319 53.2011
2451 -3.05512 12.2877 23.8493
2453 63.9449 89.3835 130.584
2203 -12.0551 94.4879 108.955
2205 -50.0551 -49.9302 -68.0516
2082 19.9449 20.3391 22.7662
2083 3.94488 -76.5915 -104.9
2212 -53.0551 86.4157 109.239
2341 6.94488 -162.339 -202.928
2350 172.945 52.4274 48.439
2504 -40.0551 9.15438 16.306
2099 -16.0551 -74.9512 -90.4436
2230 -48.0551 -69.5493 -98.8619
2109 -45.0551 87.3411 98.2616
2242 20.9449 -69.8943 -78.9943
2120 -117.055 -39.6322 -13.7307
2323 10.9449 10.9599 15.6178
2425 -130.055 37.8157 56.0646
2173 35.9449 23.3772 10.5977
2197 195.945 55.3683 45.033
