2307 29.8824 3.48399 1.83007
2436 71.8824 3.48399 1.84412
2439 -76.1176 0.784308 1.84389
2440 -114.118 0.784308 1.83323
2189 84.8824 3.48399 1.97877
2446 152.882 3.48399 1.98316
2070 25.8824 3.48399 1.92265
2199 -99.1176 0.784308 1.82953
2345 71.8824 3.48399 1.94121
2463 111.882 3.48399 1.93297
2337 145.882 3.48399 2.03656
2467 -155.118 0.784308 2.16193
2085 -120.118 0.784308 2.01543
2217 -20.1176 0.784308 1.88851
2474 -265.118 0.784308 1.86776
2347 -59.1176 0.784308 1.93994
2093 306.882 3.48399 1.93997
2355 -38.1176 0.784308 1.89807
2357 -79.1176 0.784308 1.92739
2359 -134.118 0.784308 2.16393
2233 -157.118 0.784308 2.03539
2234 70.8824 3.48399 1.85255
2079 -78.1176 0.784308 1.97311
2372 -20.1176 0.784308 1.88233
2126 119.882 3.48399 1.92358
2387 -103.118 0.784308 1.75013
2517 85.8824 3.48399 1.98603
2262 -14.1176 0.784308 1.85093
2520 92.8824 3.48399 1.91771
2148 -71.1176 0.784308 1.90027
2266 192.882 3.48399 1.92573
2395 -93.1176 0.784308 1.98134
2269 -181.118 0.784308 1.8886
2144 155.882 3.48399 1.85176
2401 -200.118 0.784308 1.88078
2491 74.8824 3.48399 1.85938
2276 -27.1176 0.784308 1.87466
2292 -9.11765 0.784308 1.94746
2153 -114.118 0.784308 1.81789
2036 91.8824 3.48399 1.94262
2421 153.882 3.48399 1.83007
2039 30.8824 3.48399 1.97327
2168 -79.1176 0.784308 1.91202
2426 -147.118 0.784308 2.21656
2299 -308.118 0.784308 1.94708
2431 0.882353 0.87137 1.8262
