2496 -8.1068 9.33791 18.7136
2465 21.8932 76.1576 96.9284
2211 -157.107 45.6697 53.9616
2404 -10.1068 -67.8473 -74.6121
2422 94.8932 -3.37388 -8.07736
2279 16.8932 2.33275 -2.96308
2184 -31.1068 -12.6899 -4.78065
2027 -69.1068 -96.9714 -110.888
2510 -52.1068 12.2783 15.3875
2077 35.8932 35.8797 38.4183
2288 -15.1068 4.07288 9.45021
2097 -62.1068 -21.4456 -4.23266
2499 77.8932 57.0977 51.5333
2390 72.8932 15.7674 1.16433
2455 -63.1068 -40.3142 -29.2651
2215 -82.1068 48.7014 53.9433
2430 16.8932 16.7438 20.557
