2306 -15.6626 14.3711 24.002
2065 -87.6626 -28.9875 -20.9771
2452 69.3374 167.374 175.746
2325 -50.6626 -40.2087 -32.2117
2326 -149.663 -41.5124 -32.2302
2464 -60.6626 22.6489 33.2398
2081 -15.6626 -16.3058 -24.9032
2338 -39.6626 -31.977 10.8377
2222 -36.6626 23.5231 29.7014
2354 -48.6626 25.2928 27.5321
2490 66.3374 -18.1408 -30.2477
2108 74.3374 74.3239 70.6652
2493 -99.6626 -36.9664 -33.6291
2495 30.3374 28.2462 23.5068
2240 17.3374 84.601 91.3117
2502 208.337 60.0229 56.7263
2378 16.3374 45.1907 51.7527
2123 49.3374 -73.2919 -76.8978
2124 -55.6626 13.8403 24.4541
2125 82.3374 -21.4838 -33.745
2514 12.3374 45.1423 51.1772
2515 -63.6626 10.2642 40.368
2261 78.3374 38.6512 5.94015
2521 158.337 124.814 121.911
2170 -110.663 30.781 34.8546
2400 68.3374 30.2766 27.9244
2403 -59.6626 61.543 65.366
2406 -88.6626 76.6237 83.35
2289 -123.663 24.0828 26.4872
2165 87.3374 -32.9853 -42.1453
2042 -60.6626 -68.9936 -75.1931
2069 -1.66258 24.6875 27.8912
