2176 53.3321 6.98223 4.97648
2441 103.332 6.98223 5.13653
2058 96.3321 6.98223 5.06214
2316 107.332 6.98224 4.70765
2318 196.332 6.98223 5.09642
2319 123.332 6.98223 4.45087
2073 -40.6679 -1.23079 4.80452
2456 123.332 6.98223 5.05078
2457 -64.6679 -1.23079 4.74543
2330 175.332 6.98223 4.93922
2333 -20.6679 -1.23079 4.73789
2206 -94.6679 -1.23079 4.49194
2335 35.3321 6.98223 5.03953
2080 -35.6679 -1.23079 4.8833
2086 100.332 6.98223 4.33791
2343 -109.668 -1.23079 4.67658
2090 62.3321 6.98223 4.35144
2351 4.33206 5.06997 4.91017
2225 -96.6679 -1.23079 4.85003
2353 77.3321 6.98223 5.19455
2227 -151.668 -1.23078 4.64064
2486 153.332 6.98224 4.51038
2121 -95.6679 -1.23079 4.75622
2361 -91.6679 -1.23079 5.20229
2107 142.332 6.98223 4.89032
2314 88.3321 6.98223 4.87062
2110 129.332 6.98223 4.53409
2111 182.332 6.98223 4.64491
2500 -184.668 -1.23078 4.20334
2377 41.3321 6.98223 4.87122
2122 85.3321 6.98223 4.54918
2251 -60.6679 -1.23078 5.10051
2508 -86.6679 -1.23079 4.95415
2511 -3.66794 -1.23079 4.50973
2128 63.3321 6.98224 4.85255
2131 145.332 6.98222 4.37949
2138 -66.6679 -1.23079 4.94341
2135 -133.668 -1.23079 4.45505
2136 34.3321 6.98223 4.80105
2394 262.332 6.98222 5.01909
2383 -397.668 -1.23079 4.62863
2524 18.3321 6.98223 4.2176
2141 398.332 6.98223 4.70032
2458 132.332 6.98223 4.61079
2271 -113.668 -1.23079 5.14629
2256 99.3321 6.98223 5.17117
2043 -428.668 -1.23079 4.90194
2150 142.332 6.98222 4.6609
2471 -119.668 -1.23078 4.59721
2030 -101.668 -1.23079 3.9307
2032 -19.6679 -1.23079 4.77534
2290 -70.6679 -1.23079 5.05546
2238 9.33206 6.98223 4.46362
2041 -4.66794 -1.23079 4.57526
2171 -0.667939 -1.23078 4.86042
2172 -191.668 -1.23078 4.60146
2047 -72.6679 -1.23079 4.59815
