2304 62.2233 -78.596 -90.6971
2178 44.2233 -54.9619 -57.1099
2442 55.2233 56.3642 58.0025
2192 85.2233 41.9882 35.8554
2193 -36.7767 -82.1265 -83.9534
2336 -44.7767 74.8182 80.9079
2246 -43.7767 92.8114 96.3568
2483 -104.777 -39.5122 -32.0909
2363 13.2233 -150.879 -156.243
2236 14.2233 62.0572 64.7516
2374 60.2233 -26.2831 -29.79
2250 46.2233 7.18909 -15.1921
2380 -6.7767 65.5564 67.0286
2382 -75.7767 -17.9011 -11.9979
2386 21.2233 -39.6498 -42.1433
2143 14.2233 -61.9215 -76.495
2402 23.2233 35.2525 37.356
2282 40.2233 24.5372 17.0312
2155 57.2233 52.6977 49.1391
2159 23.2233 55.8619 58.0285
2161 -0.776699 -31.3378 -46.731
2038 16.2233 -126.176 -133.627
2423 -26.7767 87.1321 93.7778
2175 -101.777 -75.8149 -65.3147
