2048 -47.4951 29.6902 69.3589
2445 49.5049 190.058 196.506
2324 52.5049 45.7294 40.5193
2078 16.5049 -18.9109 -24.1097
2473 138.505 138.365 134.344
2346 84.5049 16.2016 -1.1708
2091 120.505 -33.9266 -45.8493
2221 10.5049 -7.54921 -12.2582
2352 -13.4951 53.6364 73.5493
2098 -19.4951 -15.9714 -1.29158
2366 -62.4951 -52.1112 -31.6259
2368 82.5049 50.7647 39.5802
2243 -45.4951 -45.4515 -41.748
2116 -37.4951 -39.0817 -21.2078
2503 -275.495 -36.7843 -5.87571
2253 36.5049 -45.7216 -60.7281
2129 3.50485 140.51 148.34
2260 -6.49515 -6.5196 -12.3483
2525 12.5049 61.7351 72.4099
2274 66.5049 62.7122 58.1746
2284 27.5049 34.3552 45.9496
2033 73.5049 -137.372 -190.737
2424 -7.49515 15.8128 24.3886
