2050 -279.135 -169.846 -46.5569
2179 4.86538 -35.833 -43.383
2438 82.8654 -57.0429 -63.8092
2183 84.8654 50.2071 46.1527
2315 15.8654 -5.05537 -9.29567
2194 -9.13461 53.8337 58.5683
2460 98.8654 -2.92302 -8.55961
2342 53.8654 82.9129 94.108
2218 10.8654 10.8444 11.6176
2477 -60.1346 0.212165 4.64144
2229 -24.1346 116.397 131.064
2103 119.865 106.702 102.596
2113 13.8654 126.195 142.566
2115 67.8654 44.5673 35.8576
2259 -66.1346 -66.0929 -58.4307
2523 60.8654 29.5537 19.8777
2275 24.8654 66.9696 75.7498
2022 62.8654 98.5981 111.923
2024 42.8654 -23.5727 -28.0358
2283 -30.1346 -61.6027 -69.3762
2291 48.8654 16.2869 -1.66131
2297 -17.1346 121.94 127.09
