2339 79.5755 79.5677 80.378
2358 194.575 134.654 125.228
2376 43.5755 43.6204 43.421
2185 39.5755 -66.732 -92.5023
2187 -151.425 -100.911 -93.3834
2287 231.575 133.078 128.97
2096 120.575 -18.4342 -28.2296
2088 -159.425 -113.376 -108.529
2139 22.5755 105.886 109.476
2147 -96.4245 -10.4851 -2.48906
2164 12.5755 -106.03 -113.748
2101 10.5755 71.7749 78.3248
2454 -148.425 -98.4193 -93.5341
2232 47.5755 46.316 39.069
2393 -89.4245 -96.749 -106.884
2074 -176.425 -5.75604 0.341069
2479 30.5755 -75.9361 -84.9174
2301 -104.425 -20.2695 -1.52021
2303 -97.4245 -85.0162 -32.7781
