2310 43.1972 5.0406 4.4557
2061 143.197 5.0406 4.4869
2196 119.197 5.0406 4.5652
2075 -132.803 2.59772 4.56012
2462 -94.8028 2.59772 4.54969
2214 -37.8028 2.59772 4.59111
2095 65.1972 5.0406 4.54833
2484 6.19718 5.0406 4.45221
2485 -113.803 2.59772 4.29725
2494 144.197 5.0406 4.58031
2239 132.197 5.04059 4.62846
2112 94.1972 5.04059 4.53143
2254 -34.8028 2.59772 4.59525
2512 -80.8028 2.59772 4.67685
2132 34.1972 5.0406 4.54201
2133 -91.8028 2.59772 4.63002
2519 -55.8028 2.59772 4.43764
2392 -11.8028 2.59772 4.61529
2397 -114.803 2.59772 4.61469
2398 -84.8028 2.59772 4.56974
2277 -25.8028 2.59772 4.53836
2145 -82.8028 2.59772 4.62884
2149 -157.803 2.59772 4.48279
2025 11.1972 5.0406 4.52779
2414 -12.8028 2.59772 4.45493
2162 -34.8028 2.59772 4.62905
2420 6.19718 5.0406 4.53419
2166 28.1972 5.0406 4.49743
2040 37.1972 5.04059 4.47374
2298 115.197 5.0406 4.62714
2428 -91.8028 2.59772 4.54025
