2052 -276.519 -97.9058 -93.787
2186 -294.519 -243.536 -227.884
2444 273.481 130.58 109.089
2449 -262.519 -83.0869 -74.7398
2071 148.481 133.975 111.212
2328 62.4808 -10.4072 -19.3149
2201 -297.519 71.5564 84.3147
2334 -26.5192 -38.9099 -50.4169
2209 1.48077 -56.0716 -64.832
2476 455.481 155.431 137.635
2231 265.481 -264.891 -289.175
2360 396.481 -79.0064 -92.7922
2237 62.4808 67.342 83.5046
2497 18.4808 -172.373 -199.135
2505 318.481 121.84 108.64
2258 106.481 -60.2102 -73.9615
2388 330.481 -115.411 -126.491
2518 -98.5192 8.43464 20.5652
2408 302.481 98.971 87.4978
2028 153.481 0.105293 -33.7965
2158 -67.5192 -153.282 -166.398
2415 -15.5192 -23.8832 -33.1465
2044 -297.519 -179.752 -174.36
