2339 79.5755 124.532 125.611
2358 194.575 146.798 142.173
2376 43.5755 37.4672 68.9361
2185 39.5755 -49.9848 -51.7129
2187 -151.425 -11.2214 15.0868
2287 231.575 104.268 101.581
2096 120.575 9.53967 -9.36567
2088 -159.425 -9.84765 -6.631
2139 22.5755 112.638 114.35
2147 -96.4245 -131.24 -134.189
2164 12.5755 -57.1176 -60.2105
2101 10.5755 138.119 140.348
2454 -148.425 -7.6038 -4.91112
2232 47.5755 -20.0482 -26.1556
2393 -89.4245 -37.7286 -23.3474
2074 -176.425 -52.6886 -44.9051
2479 30.5755 -36.4813 -39.1639
2301 -104.425 22.9105 31.7909
2303 -97.4245 76.8339 80.4393
