2433 -6.98529 31.0098 38.2817
2051 -104.985 -7.97135 -4.38555
2180 -89.9853 44.5696 54.5863
2054 -90.9853 27.0558 36.0389
2157 -79.9853 -7.02653 -4.44972
2435 -24.9853 32.0554 38.4024
2204 -115.985 -104.212 -101.317
2084 -102.985 104.349 108.368
2219 -120.985 44.3221 46.4503
2220 216.015 63.3379 58.3148
2487 104.015 7.59396 3.25654
2370 -20.9853 -32.5689 -36.6327
2373 56.0147 -108.311 -133.283
2118 33.0147 165.183 171.54
2247 45.0147 68.6441 72.8292
2381 123.015 81.1626 77.4512
2255 -185.985 43.8814 57.207
2389 90.0147 115.624 122.557
2263 -68.9853 -14.8727 -1.43069
2045 -50.9853 7.48842 11.5364
2029 55.0147 -64.0043 -71.1776
2031 55.0147 24.3789 19.638
2160 117.015 56.3102 48.9211
2302 -32.9853 -59.2355 -73.9024
2427 39.0147 39.2012 49.8682
2429 126.015 -78.6792 -85.1662
2174 -61.9853 69.5151 72.3523
