2177 271.945 180.355 176.546
2308 -31.0551 -31.0767 -34.0482
2056 -96.0551 13.4963 19.0686
2062 -125.055 -31.3965 -25.4354
2448 -29.0551 -63.7049 -69.2218
2066 37.9449 19.3961 17.9488
2451 -3.05512 38.0269 44.34
2453 63.9449 15.8393 11.6156
2203 -12.0551 61.2083 68.532
2205 -50.0551 -139.549 -151.383
2082 19.9449 -59.9137 -68.9448
2083 3.94488 3.94313 3.75903
2212 -53.0551 -6.61844 3.41175
2341 6.94488 -281.073 -289.356
2350 172.945 73.4781 67.954
2504 -40.0551 -40.0729 -42.1096
2099 -16.0551 152.726 166.057
2230 -48.0551 32.8189 40.1381
2109 -45.0551 109.677 122.72
2242 20.9449 -33.4883 -39.4958
2120 -117.055 -15.517 -7.13275
2323 10.9449 -14.38 -19.3074
2425 -130.055 60.3643 65.9102
2173 35.9449 -47.3301 -56.1688
2197 195.945 84.4347 80.0502
