2433 -6.98529 77.1434 81.725
2051 -104.985 -39.12 -21.7857
2180 -89.9853 -19.6595 4.52165
2054 -90.9853 -4.08492 16.5324
2157 -79.9853 13.3409 24.6391
2435 -24.9853 -13.6636 -9.38675
2204 -115.985 -80.4761 -72.05
2084 -102.985 28.0773 34.0044
2219 -120.985 -4.71637 1.37481
2220 216.015 88.0388 75.7737
2487 104.015 36.1047 18.4126
2370 -20.9853 20.8809 31.3788
2373 56.0147 49.5281 34.1108
2118 33.0147 41.3694 77.1313
2247 45.0147 76.646 89.6718
2381 123.015 89.018 41.6382
2255 -185.985 32.929 41.0829
2389 90.0147 88.7776 71.845
2263 -68.9853 17.3499 26.4789
2045 -50.9853 -65.7283 -75.449
2029 55.0147 -104.426 -111.952
2031 55.0147 0.0687402 -5.22161
2160 117.015 23.8992 6.93706
2302 -32.9853 -130.001 -143.966
2427 39.0147 -40.504 -79.9347
2429 126.015 60.5092 52.9663
2174 -61.9853 15.3988 24.1934
