2496 -8.1068 -18.9133 -36.2117
2465 21.8932 64.5565 77.6115
2211 -157.107 -26.236 -8.07239
2404 -10.1068 -89.8558 -94.5583
2422 94.8932 31.493 23.7532
2279 16.8932 32.8561 37.105
2184 -31.1068 -91.6633 -96.7793
2027 -69.1068 -67.8153 -65.9605
2510 -52.1068 12.6362 21.9602
2077 35.8932 -7.8852 -16.7455
2288 -15.1068 18.629 42.7769
2097 -62.1068 -32.1934 -19.2442
2499 77.8932 126.813 131.603
2390 72.8932 4.27348 -10.9625
2455 -63.1068 -31.1447 -12.3976
2215 -82.1068 89.6428 107.512
2430 16.8932 -31.3067 -38.0587
