2210 95.338 48.0417 40.1691
2371 77.338 77.2953 81.1036
2102 121.338 111.247 94.6535
2407 5.33803 63.8357 73.1772
2344 -231.662 5.46862 16.9839
2313 38.338 38.3382 50.4041
2475 21.338 65.5516 73.49
2418 25.338 86.2927 92.7839
2286 23.338 -175.235 -188.893
2063 -6.66197 14.6992 18.8896
2321 126.338 101.459 98.3873
2130 -208.662 -178.448 -168.663
2134 42.338 19.4398 14.3016
2413 -189.662 -87.3182 -71.7538
2296 89.338 25.9795 18.6995
2169 -178.662 -7.2043 3.95633
2509 69.338 69.2097 88.2261
2127 42.338 1.84433 -6.1579
2469 137.338 102.81 97.0451
