2177 271.945 5.55228 4.88662
2308 -31.0551 2.24757 5.01469
2056 -96.0551 2.24757 4.97458
2062 -125.055 2.24757 4.86944
2448 -29.0551 2.24757 5.08954
2066 37.9449 5.55228 4.96527
2451 -3.05512 2.24757 5.02594
2453 63.9449 5.55228 4.90041
2203 -12.0551 2.24757 4.91756
2205 -50.0551 2.24757 5.01708
2082 19.9449 5.55228 4.693
2083 3.94488 3.91626 4.89967
2212 -53.0551 2.24757 4.97777
2341 6.94488 5.55228 4.96897
2350 172.945 5.55228 4.90576
2504 -40.0551 2.24757 5.10573
2099 -16.0551 2.24757 4.99008
2230 -48.0551 2.24757 4.98764
2109 -45.0551 2.24757 5.11977
2242 20.9449 5.55228 5.11319
2120 -117.055 2.24757 4.89175
2323 10.9449 5.55228 5.05389
2425 -130.055 2.24757 5.05445
2173 35.9449 5.55228 4.88728
2197 195.945 5.55228 4.5466
