2052 -276.519 -4.07802 -3.92959
2186 -294.519 -4.07802 -3.86453
2444 273.481 -2.79117 -3.94029
2449 -262.519 -4.07802 -3.8707
2071 148.481 -2.79117 -3.84597
2328 62.4808 -2.79117 -3.86526
2201 -297.519 -4.07802 -3.91117
2334 -26.5192 -4.07802 -3.88739
2209 1.48077 -2.79117 -3.90569
2476 455.481 -2.79117 -3.84636
2231 265.481 -2.79117 -3.9057
2360 396.481 -2.79117 -3.89494
2237 62.4808 -2.79117 -3.88502
2497 18.4808 -2.79117 -3.84883
2505 318.481 -2.79117 -3.87466
2258 106.481 -2.79117 -3.86498
2388 330.481 -2.79117 -3.92879
2518 -98.5192 -4.07802 -3.90939
2408 302.481 -2.79117 -3.88036
2028 153.481 -2.79117 -3.84807
2158 -67.5192 -4.07802 -3.87118
2415 -15.5192 -4.07802 -3.89918
2044 -297.519 -4.07802 -3.89435
