2210 95.338 2.47143 2.19509
2371 77.338 2.47143 2.13914
2102 121.338 2.47143 2.22688
2407 5.33803 2.47143 2.23002
2344 -231.662 1.33023 2.27305
2313 38.338 2.47143 2.26103
2475 21.338 2.47143 2.27159
2418 25.338 2.47143 2.22652
2286 23.338 2.47143 2.26975
2063 -6.66197 1.33023 2.25686
2321 126.338 2.47143 2.23089
2130 -208.662 1.33023 2.23631
2134 42.338 2.47143 2.21242
2413 -189.662 1.33023 2.12946
2296 89.338 2.47143 2.20418
2169 -178.662 1.33023 2.16002
2509 69.338 2.47143 2.16627
2127 42.338 2.47143 2.19721
2469 137.338 2.47143 2.24709
