2310 43.1972 -56.5255 -74.5168
2061 143.197 -18.9468 -23.6221
2196 119.197 107.651 97.081
2075 -132.803 4.67598 7.872
2462 -94.8028 -8.09658 -5.4702
2214 -37.8028 -37.8458 -39.2299
2095 65.1972 117.172 128.017
2484 6.19718 -18.5809 -19.6047
2485 -113.803 90.383 99.2678
2494 144.197 -47.8727 -55.1182
2239 132.197 -110.751 -130.754
2112 94.1972 82.8463 56.9327
2254 -34.8028 -44.851 -52.3338
2512 -80.8028 -20.2255 -15.8429
2132 34.1972 -25.3028 -34.2736
2133 -91.8028 -32.0155 -30.0998
2519 -55.8028 -54.6856 -53.6601
2392 -11.8028 37.0547 46.4554
2397 -114.803 -10.2708 -7.53775
2398 -84.8028 -42.516 -33.1335
2277 -25.8028 2.14212 7.11682
2145 -82.8028 -64.5606 -64.2639
2149 -157.803 4.2538 8.45631
2025 11.1972 -86.9376 -88.8558
2414 -12.8028 -45.9575 -48.1282
2162 -34.8028 -33.2321 -33.279
2420 6.19718 -18.2591 -32.3905
2166 28.1972 -79.886 -93.8356
2040 37.1972 57.656 82.7209
2298 115.197 16.6762 9.11706
2428 -91.8028 -18.3515 -14.599
