2049 -123.703 60.6305 101.024
2057 -38.7027 -43.0623 -56.8097
2190 -60.7027 -33.6375 -18.4109
2478 210.297 68.8173 59.9486
2200 56.2973 -30.3788 -36.5521
2207 -11.7027 -42.6433 -54.2469
2466 36.2973 105.548 120.932
2470 98.2973 -17.6785 -28.941
2094 85.2973 -12.3284 -16.2537
2223 58.2973 58.4316 49.2512
2480 -24.7027 -61.1869 -70.9181
2481 4.2973 152.005 214.034
2035 82.2973 81.3981 93.7433
2488 82.2973 60.5622 48.1164
2489 184.297 79.0911 70.3993
2106 -337.703 -162.365 -145.093
2235 27.2973 85.4097 95.2896
2244 138.297 31.6248 21.9676
2501 64.2973 -57.732 -77.1011
2375 -300.703 -2.25691 14.7219
2248 -31.7027 5.33207 30.7358
2419 -199.703 -22.1259 -11.6385
2384 -0.702703 -9.62341 -11.7154
2105 -9.7027 -9.84809 -23.8728
2142 -12.7027 -99.2564 -119.571
2272 -60.7027 67.9937 76.6074
2405 16.2973 101.252 112.695
2151 4.2973 -23.2833 -30.6898
2281 44.2973 -136.863 -149.595
2163 77.2973 -8.17698 -17.975
2037 -69.7027 -63.2661 -47.8231
2046 88.2973 60.4654 53.1997
