2496 -8.1068 2.76307 4.48641
2465 21.8932 4.99183 4.51297
2211 -157.107 2.76307 4.47119
2404 -10.1068 2.76307 4.30772
2422 94.8932 4.99183 4.55123
2279 16.8932 4.99183 4.5654
2184 -31.1068 2.76307 4.42262
2027 -69.1068 2.76307 4.28833
2510 -52.1068 2.76307 4.37417
2077 35.8932 4.99183 4.47445
2288 -15.1068 2.76307 4.50955
2097 -62.1068 2.76307 4.56328
2499 77.8932 4.99183 4.49563
2390 72.8932 4.99183 4.55064
2455 -63.1068 2.76307 4.46656
2215 -82.1068 2.76307 4.35022
2430 16.8932 4.99183 4.48348
