2432 21.1019 -43.2419 -53.676
2092 -18.8981 52.1243 56.9392
2059 138.102 16.6428 -9.85486
2060 22.1019 -22.363 -31.3826
2114 26.1019 49.8651 55.2437
2331 45.1019 45.994 32.5283
2468 71.1019 33.4711 22.9155
2087 31.1019 -10.8898 -23.7654
2472 9.10191 -12.2622 -15.4478
2396 61.1019 18.9119 12.056
2348 -23.8981 61.0485 62.7864
2226 -6.89809 -71.9071 -82.4371
2492 -281.898 -241.629 -232.07
2498 -8.89809 -112.232 -117.846
2188 -270.898 -40.5694 -37.011
2379 166.102 -64.5564 -86.3361
2513 -194.898 -127.232 -118.599
2516 6.10191 17.8063 23.823
2264 -10.8981 23.3197 25.7737
2522 22.1019 -49.508 -52.4655
2267 189.102 -11.6152 -18.4668
2140 -266.898 -195.75 -178.671
2270 -251.898 -129.76 -61.454
2399 155.102 56.6628 54.8641
2411 119.102 36.8547 33.8891
2412 6.10191 -103.237 -107.177
2416 1.10191 -42.7075 -54.6643
2417 56.1019 15.44 10.6589
2294 98.1019 -15.9673 -20.2345
