2050 -279.135 5.21527 7.7011
2179 4.86538 5.21527 8.02034
2438 82.8654 8.58067 7.86087
2183 84.8654 8.58067 7.51192
2315 15.8654 8.58067 8.02747
2194 -9.13461 5.21527 7.9477
2460 98.8654 8.58067 7.92848
2342 53.8654 8.58067 8.00322
2218 10.8654 8.58067 7.97758
2477 -60.1346 5.21527 7.91236
2229 -24.1346 5.21527 7.96102
2103 119.865 8.58067 7.43469
2113 13.8654 8.58067 7.94776
2115 67.8654 8.58067 7.83983
2259 -66.1346 5.21527 7.95369
2523 60.8654 8.58067 7.76456
2275 24.8654 8.58067 7.98367
2022 62.8654 8.58067 7.85245
2024 42.8654 8.58067 7.97898
2283 -30.1346 5.21527 7.9311
2291 48.8654 8.58067 7.91044
2297 -17.1346 5.21527 7.68165
