2050 -279.135 0.444843 11.2755
2179 4.86538 42.2745 45.474
2438 82.8654 -83.3033 -85.6593
2183 84.8654 14.9822 9.73138
2315 15.8654 1.79567 -3.02752
2194 -9.13461 22.5421 28.1733
2460 98.8654 196.637 206.653
2342 53.8654 53.9654 58.1787
2218 10.8654 3.941 0.0306648
2477 -60.1346 -3.56722 0.104403
2229 -24.1346 -3.10827 4.0347
2103 119.865 66.0552 63.2383
2113 13.8654 -11.8433 -69.9106
2115 67.8654 6.52849 0.267087
2259 -66.1346 53.2723 56.0886
2523 60.8654 13.5709 10.115
2275 24.8654 -20.8057 -23.5925
2022 62.8654 -1.38293 -5.89876
2024 42.8654 82.3557 85.5622
2283 -30.1346 -19.5349 -16.8991
2291 48.8654 -14.2427 -21.5907
2297 -17.1346 17.5385 31.228
