2310 43.1972 42.4914 39.3144
2061 143.197 17.031 12.7057
2196 119.197 -28.6765 -60.498
2075 -132.803 -13.579 -8.78438
2462 -94.8028 -60.456 -57.1475
2214 -37.8028 17.0993 36.2389
2095 65.1972 -4.89449 -11.7783
2484 6.19718 6.20704 2.95562
2485 -113.803 3.22389 12.5335
2494 144.197 10.7481 5.68036
2239 132.197 4.97159 -0.921877
2112 94.1972 17.6907 -0.596782
2254 -34.8028 -78.1124 -84.3021
2512 -80.8028 3.45827 5.65564
2132 34.1972 -138.528 -143.624
2133 -91.8028 -110.125 -118.507
2519 -55.8028 -46.3539 -40.491
2392 -11.8028 -12.3158 -0.834511
2397 -114.803 -128.254 -74.9451
2398 -84.8028 -14.2777 -7.17291
2277 -25.8028 -45.5076 -51.8713
2145 -82.8028 -102.217 -112.48
2149 -157.803 -16.6496 -2.24981
2025 11.1972 -109.54 -114.776
2414 -12.8028 -17.696 -21.8535
2162 -34.8028 -61.6179 -64.2225
2420 6.19718 -86.5044 -96.6599
2166 28.1972 179.862 186.257
2040 37.1972 76.8825 87.3567
2298 115.197 129.764 136.853
2428 -91.8028 -11.8999 -8.56046
