2340 41.3486 -14.0924 -31.6002
2245 15.3486 38.9598 45.1027
2055 -120.651 45.9332 64.9715
2152 -69.6514 -57.8743 -52.2844
2300 -33.6514 -35.4756 -45.5779
2317 47.3486 -30.3042 -42.2227
2320 45.3486 151.097 159.962
2322 31.3486 26.8605 19.173
2293 -22.6514 95.0873 108.666
2198 45.3486 45.0387 51.2554
2364 11.3486 16.2403 23.0827
2072 43.3486 25.7871 17.8187
2265 35.3486 -46.199 -57.3721
2268 75.3486 -43.641 -50.9131
2461 18.3486 -28.9672 -117.278
2117 -14.6514 -33.6059 -45.9911
2053 -103.651 -96.4052 -68.3735
