2496 -8.1068 -25.7246 -93.4251
2465 21.8932 97.6727 105.352
2211 -157.107 -2.8383 1.56209
2404 -10.1068 -25.6508 -30.5852
2422 94.8932 37.1199 29.7543
2279 16.8932 10.2189 6.45709
2184 -31.1068 -109.613 -131.695
2027 -69.1068 -20.9118 -17.9853
2510 -52.1068 -50.5762 -94.3858
2077 35.8932 -0.148991 -7.88086
2288 -15.1068 -9.88623 -25.902
2097 -62.1068 -73.7875 1.20452
2499 77.8932 76.6623 66.0034
2390 72.8932 68.5779 58.4184
2455 -63.1068 -52.431 -38.0819
2215 -82.1068 101.291 129.543
2430 16.8932 -19.9662 -27.0525
