2307 29.8824 1.47786 1.42687
2436 71.8824 1.47786 1.42747
2439 -76.1176 1.18445 1.4286
2440 -114.118 1.18445 1.42375
2189 84.8824 1.47786 1.42566
2446 152.882 1.47786 1.41615
2070 25.8824 1.47786 1.42013
2199 -99.1176 1.18445 1.41896
2345 71.8824 1.47786 1.42146
2463 111.882 1.47786 1.42085
2337 145.882 1.47786 1.39461
2467 -155.118 1.18445 1.39913
2085 -120.118 1.18445 1.41075
2217 -20.1176 1.18445 1.42409
2474 -265.118 1.18445 1.41613
2347 -59.1176 1.18445 1.41579
2093 306.882 1.47786 1.42096
2355 -38.1176 1.18445 1.42725
2357 -79.1176 1.18445 1.42754
2359 -134.118 1.18445 1.40458
2233 -157.118 1.18445 1.40677
2234 70.8824 1.47786 1.42407
2079 -78.1176 1.18445 1.40356
2372 -20.1176 1.18445 1.42067
2126 119.882 1.47786 1.4246
2387 -103.118 1.18445 1.42727
2517 85.8824 1.47786 1.41933
2262 -14.1176 1.18445 1.42255
2520 92.8824 1.47786 1.42306
2148 -71.1176 1.18445 1.42259
2266 192.882 1.47786 1.42224
2395 -93.1176 1.18445 1.41634
2269 -181.118 1.18445 1.42004
2144 155.882 1.47786 1.42209
2401 -200.118 1.18445 1.41409
2491 74.8824 1.47786 1.41934
2276 -27.1176 1.18445 1.42218
2292 -9.11765 1.18445 1.41002
2153 -114.118 1.18445 1.4255
2036 91.8824 1.47786 1.41331
2421 153.882 1.47786 1.42516
2039 30.8824 1.47786 1.39803
2168 -79.1176 1.18445 1.42126
2426 -147.118 1.18445 1.40953
2299 -308.118 1.18445 1.40239
2431 0.882353 1.18445 1.42947
