2306 -15.6626 0.0413348 0.476603
2065 -87.6626 0.0413348 0.497152
2452 69.3374 1.03883 0.452929
2325 -50.6626 0.0413348 0.427084
2326 -149.663 0.0413348 0.450989
2464 -60.6626 0.0413348 0.552042
2081 -15.6626 0.0413348 0.410666
2338 -39.6626 0.0413348 0.518743
2222 -36.6626 0.0413348 0.556969
2354 -48.6626 0.0413348 0.439347
2490 66.3374 1.03883 0.480683
2108 74.3374 1.03883 0.426736
2493 -99.6626 0.0413348 0.494121
2495 30.3374 1.03883 0.524222
2240 17.3374 1.03883 0.392141
2502 208.337 1.03883 0.38976
2378 16.3374 1.03883 0.450398
2123 49.3374 1.03883 0.458649
2124 -55.6626 0.0413349 0.488785
2125 82.3374 1.03883 0.429263
2514 12.3374 1.03883 0.519288
2515 -63.6626 0.0413348 0.428512
2261 78.3374 1.03883 0.470054
2521 158.337 1.03883 0.547893
2170 -110.663 0.0413348 0.440102
2400 68.3374 1.03883 0.461399
2403 -59.6626 0.0413348 0.444555
2406 -88.6626 0.0413348 0.506071
2289 -123.663 0.0413348 0.378301
2165 87.3374 1.03883 0.476698
2042 -60.6626 0.0413348 0.441713
2069 -1.66258 0.0413348 0.449853
