2340 41.3486 -0.515212 -0.989987
2245 15.3486 -0.515212 -0.984528
2055 -120.651 -1.07068 -0.960483
2152 -69.6514 -1.07068 -1.0062
2300 -33.6514 -1.07068 -0.978243
2317 47.3486 -0.515212 -0.979735
2320 45.3486 -0.515212 -0.968991
2322 31.3486 -0.515212 -0.987963
2293 -22.6514 -1.07068 -1.00717
2198 45.3486 -0.515212 -0.972121
2364 11.3486 -0.515212 -0.999672
2072 43.3486 -0.515212 -1.00426
2265 35.3486 -0.515212 -0.987772
2268 75.3486 -0.515212 -0.878299
2461 18.3486 -0.515212 -0.993197
2117 -14.6514 -1.07068 -0.979673
2053 -103.651 -1.07068 -0.992829
