2305 206.547 -1.65763 -2.73852
2434 82.5473 -1.65763 -2.75589
2410 47.5473 -1.65763 -2.71421
2181 53.5473 -1.65763 -2.79266
2182 -38.4527 -3.00482 -2.77679
2311 -9.4527 -3.00482 -2.74895
2312 92.5473 -1.65763 -2.78344
2443 -36.4527 -3.00482 -2.73883
2447 -52.4527 -3.00482 -2.73226
2064 123.547 -1.65763 -2.77135
2450 213.547 -1.65763 -2.77302
2195 87.5473 -1.65763 -2.74316
2068 -31.4527 -3.00482 -2.80013
2327 46.5473 -1.65763 -2.74474
2329 90.5473 -1.65763 -2.76837
2202 -89.4527 -3.00482 -2.80728
2459 -36.4527 -3.00482 -2.77911
2076 20.5473 -1.65763 -2.75378
2309 -15.4527 -3.00482 -2.79417
2208 -48.4527 -3.00482 -2.79423
2213 -320.453 -3.00482 -2.78656
2216 -49.4527 -3.00482 -2.76166
2332 -38.4527 -3.00482 -2.81174
2349 -58.4527 -3.00482 -2.74627
2224 121.547 -1.65763 -2.80088
2482 56.5473 -1.65763 -2.79979
2100 -54.4527 -3.00482 -2.77195
2104 -71.4527 -3.00482 -2.74798
2356 -45.4527 -3.00482 -2.80127
2362 -75.4527 -3.00482 -2.76591
2365 113.547 -1.65763 -2.7566
2295 63.5473 -1.65763 -2.79056
2367 -0.452703 -1.65763 -2.76321
2241 93.5473 -1.65763 -2.72697
2119 -9.4527 -3.00482 -2.73417
2249 -248.453 -3.00482 -2.78265
2506 20.5473 -1.65763 -2.78254
2507 -98.4527 -3.00482 -2.69779
2252 -66.4527 -3.00482 -2.77689
2385 -21.4527 -3.00482 -2.78966
2137 37.5473 -1.65763 -2.7945
2191 45.5473 -1.65763 -2.74804
2273 -33.4527 -3.00482 -2.79599
2146 -51.4527 -3.00482 -2.75025
2228 48.5473 -1.65763 -2.77574
2021 50.5473 -1.65763 -2.763
2278 -265.453 -3.00482 -2.7799
2257 -75.4527 -3.00482 -2.82785
2437 5.5473 -1.65763 -2.71232
2409 40.5473 -1.65763 -2.79462
2026 -58.4527 -3.00482 -2.78705
2023 43.5473 -1.65763 -2.73204
2156 8.5473 -1.65763 -2.73218
2285 32.5473 -1.65763 -2.76299
2369 11.5473 -1.65763 -2.80031
2280 59.5473 -1.65763 -2.66666
2034 -42.4527 -3.00482 -2.70811
2067 -52.4527 -3.00482 -2.77349
2167 -49.4527 -3.00482 -2.78429
2154 95.5473 -1.65763 -2.7575
