2210 95.338 17.589 16.1283
2371 77.338 80.6121 81.5454
2102 121.338 42.5495 39.7107
2407 5.33803 -72.9389 -73.6713
2344 -231.662 -117.089 -106.746
2313 38.338 58.5306 60.3648
2475 21.338 30.0036 31.103
2418 25.338 89.3019 94.0305
2286 23.338 -205.69 -206.555
2063 -6.66197 40.2253 41.713
2321 126.338 122.489 121.426
2130 -208.662 -257.293 -257.881
2134 42.338 48.9335 50.0097
2413 -189.662 -167.251 -166.567
2296 89.338 89.8593 87.9348
2169 -178.662 -189.677 -190.66
2509 69.338 105.487 107.542
2127 42.338 -16.6162 -20.5449
2469 137.338 163.958 164.815
