2048 -47.4951 -47.391 -49.5416
2445 49.5049 25.9886 12.6913
2324 52.5049 8.61428 -4.97043
2078 16.5049 39.2112 48.7178
2473 138.505 97.3497 91.9304
2346 84.5049 17.6051 7.449
2091 120.505 -8.39114 -16.9368
2221 10.5049 -64.113 -70.1064
2352 -13.4951 52.6203 55.6271
2098 -19.4951 2.79204 3.56805
2366 -62.4951 -191.859 -198.74
2368 82.5049 30.8004 24.3459
2243 -45.4951 89.1097 92.2673
2116 -37.4951 -31.8568 -13.0046
2503 -275.495 -146.59 -109.595
2253 36.5049 -160.271 -172.326
2129 3.50485 11.1064 15.8425
2260 -6.49515 -38.2463 -43.7875
2525 12.5049 12.3014 18.8686
2274 66.5049 97.8233 103.987
2284 27.5049 67.0419 75.9387
2033 73.5049 -39.716 -45.4632
2424 -7.49515 -11.636 -18.7028
