2307 29.8824 -95.4006 -104.762
2436 71.8824 49.9638 37.8188
2439 -76.1176 13.1602 31.42
2440 -114.118 262.092 285.626
2189 84.8824 -2.74317 -20.2559
2446 152.882 -103.81 -117.855
2070 25.8824 25.905 23.2258
2199 -99.1176 -155.81 -164.521
2345 71.8824 213.853 229.736
2463 111.882 -89.2074 -101.265
2337 145.882 37.8263 10.1731
2467 -155.118 -118.514 -104.446
2085 -120.118 69.0959 80.3399
2217 -20.1176 32.2313 73.003
2474 -265.118 -129.049 -108.391
2347 -59.1176 -41.5586 -35.0787
2093 306.882 230.069 201.36
2355 -38.1176 66.6402 82.2763
2357 -79.1176 86.544 101.833
2359 -134.118 -85.5716 -64.7528
2233 -157.118 -157.089 -171.472
2234 70.8824 -61.7467 -74.8407
2079 -78.1176 70.4186 90.7888
2372 -20.1176 -19.7833 12.2717
2126 119.882 29.8766 6.03869
2387 -103.118 -41.0583 -28.9076
2517 85.8824 202.027 216.47
2262 -14.1176 -64.4301 -76.0153
2520 92.8824 39.0455 23.1451
2148 -71.1176 122.567 147.9
2266 192.882 -0.343001 -12.9213
2395 -93.1176 14.5403 24.9885
2269 -181.118 -63.966 -55.8284
2144 155.882 115.899 96.6539
2401 -200.118 -28.7298 3.5633
2491 74.8824 96.7224 107.44
2276 -27.1176 -36.3022 -51.6349
2292 -9.11765 18.7719 29.8627
2153 -114.118 -1.54473 41.5459
2036 91.8824 -30.4694 -64.4581
2421 153.882 -25.397 -44.1242
2039 30.8824 37.377 52.3122
2168 -79.1176 43.5746 63.7647
2426 -147.118 -57.6208 -49.0721
2299 -308.118 172.155 221.301
2431 0.882353 19.3018 51.5423
