2176 53.3321 -53.5555 -74.4177
2441 103.332 -91.9659 -94.5355
2058 96.3321 4.30312 0.983618
2316 107.332 -17.6546 -21.8529
2318 196.332 157.414 126.822
2319 123.332 78.1176 17.476
2073 -40.6679 -7.38064 -4.0178
2456 123.332 124.056 84.1988
2457 -64.6679 -79.5616 -81.7671
2330 175.332 46.1311 40.9523
2333 -20.6679 -20.6718 -14.2268
2206 -94.6679 49.0757 52.1321
2335 35.3321 34.8596 31.5131
2080 -35.6679 3.48213 16.0635
2086 100.332 -150.109 -158.586
2343 -109.668 -62.7979 -45.0823
2090 62.3321 34.6054 32.4905
2351 4.33206 34.8582 46.6655
2225 -96.6679 17.1699 24.8585
2353 77.3321 127.615 163.817
2227 -151.668 23.008 29.129
2486 153.332 -5.1588 -11.8468
2121 -95.6679 2.45949 13.5725
2361 -91.6679 -7.04558 -2.21371
2107 142.332 -3.63684 -11.581
2314 88.3321 19.5997 4.64314
2110 129.332 73.3716 34.3438
2111 182.332 -97.2402 -104.664
2500 -184.668 -24.0077 -16.275
2377 41.3321 114.274 117.896
2122 85.3321 80.9887 79.5664
2251 -60.6679 -39.3883 -35.6024
2508 -86.6679 10.6137 18.1967
2511 -3.66794 -33.2749 -35.5455
2128 63.3321 -31.6515 -41.566
2131 145.332 -47.6111 -58.3368
2138 -66.6679 -31.1745 -28.0272
2135 -133.668 -7.61295 -1.85963
2136 34.3321 17.7055 9.16579
2394 262.332 39.0479 36.1305
2383 -397.668 -11.1777 -3.06717
2524 18.3321 -36.0226 -47.9352
2141 398.332 76.9681 55.7218
2458 132.332 48.1805 26.0558
2271 -113.668 55.5919 58.2601
2256 99.3321 152.088 156.881
2043 -428.668 -362.166 -325.061
2150 142.332 -211.812 -217.35
2471 -119.668 -91.1172 -58.4872
2030 -101.668 45.2072 51.28
2032 -19.6679 -19.6597 -14.2056
2290 -70.6679 -58.7491 -53.1216
2238 9.33206 1.29702 -3.2371
2041 -4.66794 -110.574 -113.326
2171 -0.667939 -0.644781 -1.05297
2172 -191.668 -8.3002 -3.94924
2047 -72.6679 -23.7923 -17.3172
