2339 79.5755 -3.00044 -4.41035
2358 194.575 -3.00044 -4.33661
2376 43.5755 -3.00044 -4.26923
2185 39.5755 -3.00044 -4.36793
2187 -151.425 -4.64722 -4.41411
2287 231.575 -3.00044 -4.29354
2096 120.575 -3.00044 -4.34461
2088 -159.425 -4.64722 -4.36942
2139 22.5755 -3.00044 -4.3771
2147 -96.4245 -4.64722 -4.37794
2164 12.5755 -3.00044 -4.40225
2101 10.5755 -3.00044 -4.37589
2454 -148.425 -4.64722 -4.42982
2232 47.5755 -3.00044 -4.3349
2393 -89.4245 -4.64722 -4.38925
2074 -176.425 -4.64722 -4.39889
2479 30.5755 -3.00044 -4.41677
2301 -104.425 -4.64722 -4.41685
2303 -97.4245 -4.64722 -4.33696
