2049 -123.703 0.841735 2.04359
2057 -38.7027 0.841735 2.05511
2190 -60.7027 0.841736 2.07763
2478 210.297 2.39354 2.14657
2200 56.2973 2.39354 2.10649
2207 -11.7027 0.841735 2.06066
2466 36.2973 2.39354 2.1247
2470 98.2973 2.39354 2.02373
2094 85.2973 2.39354 2.082
2223 58.2973 2.39354 2.1271
2480 -24.7027 0.841735 2.0037
2481 4.2973 2.39354 2.07429
2035 82.2973 2.39354 2.04044
2488 82.2973 2.39354 2.11094
2489 184.297 2.39354 2.12801
2106 -337.703 0.841736 1.71888
2235 27.2973 2.39354 2.03777
2244 138.297 2.39354 2.03697
2501 64.2973 2.39354 2.08733
2375 -300.703 0.841735 1.66069
2248 -31.7027 0.841735 2.06517
2419 -199.703 0.841735 2.08715
2384 -0.702703 0.841735 2.08328
2105 -9.7027 0.841736 2.13655
2142 -12.7027 0.841735 2.07152
2272 -60.7027 0.841735 2.0543
2405 16.2973 2.39354 2.01906
2151 4.2973 2.39354 2.09381
2281 44.2973 2.39354 2.05094
2163 77.2973 2.39354 2.07177
2037 -69.7027 0.841736 2.00949
2046 88.2973 2.39354 2.07841
