2310 43.1972 3.96957 3.72133
2061 143.197 3.96957 3.72783
2196 119.197 3.96957 3.78057
2075 -132.803 2.65433 3.77919
2462 -94.8028 2.65433 3.76639
2214 -37.8028 2.65433 3.8015
2095 65.1972 3.96957 3.7609
2484 6.19718 3.96957 3.72373
2485 -113.803 2.65433 3.6427
2494 144.197 3.96957 3.79008
2239 132.197 3.96957 3.80224
2112 94.1972 3.96957 3.76538
2254 -34.8028 2.65433 3.78637
2512 -80.8028 2.65433 3.83929
2132 34.1972 3.96957 3.75744
2133 -91.8028 2.65433 3.80132
2519 -55.8028 2.65433 3.7254
2392 -11.8028 2.65433 3.80108
2397 -114.803 2.65433 3.79973
2398 -84.8028 2.65433 3.78143
2277 -25.8028 2.65433 3.76983
2145 -82.8028 2.65433 3.79952
2149 -157.803 2.65433 3.73616
2025 11.1972 3.96957 3.76909
2414 -12.8028 2.65433 3.7262
2162 -34.8028 2.65433 3.80996
2420 6.19718 3.96957 3.75723
2166 28.1972 3.96957 3.74199
2040 37.1972 3.96957 3.72926
2298 115.197 3.96957 3.8078
2428 -91.8028 2.65433 3.75804
