2433 -6.98529 -3.52673 -2.74084
2051 -104.985 -3.52673 -2.72319
2180 -89.9853 -3.52673 -2.593
2054 -90.9853 -3.52673 -2.8309
2157 -79.9853 -3.52673 -2.82235
2435 -24.9853 -3.52673 -2.60652
2204 -115.985 -3.52673 -2.87443
2084 -102.985 -3.52673 -2.81169
2219 -120.985 -3.52673 -2.86546
2220 216.015 -0.879326 -2.76638
2487 104.015 -0.879325 -2.83071
2370 -20.9853 -3.52673 -2.78878
2373 56.0147 -0.879325 -2.78764
2118 33.0147 -0.879326 -2.83342
2247 45.0147 -0.879326 -2.81257
2381 123.015 -0.879326 -2.73396
2255 -185.985 -3.52673 -2.85962
2389 90.0147 -0.879326 -2.88596
2263 -68.9853 -3.52673 -2.8557
2045 -50.9853 -3.52673 -2.82258
2029 55.0147 -0.879325 -2.66365
2031 55.0147 -0.879325 -2.65755
2160 117.015 -0.879325 -2.65748
2302 -32.9853 -3.52673 -2.82335
2427 39.0147 -0.879326 -2.75329
2429 126.015 -0.879325 -2.80796
2174 -61.9853 -3.52673 -2.77006
