2306 -15.6626 0.662033 0.662276
2065 -87.6626 0.662033 0.662274
2452 69.3374 0.662332 0.66228
2325 -50.6626 0.662033 0.662294
2326 -149.663 0.662033 0.662281
2464 -60.6626 0.662033 0.66225
2081 -15.6626 0.662033 0.662285
2338 -39.6626 0.662033 0.662266
2222 -36.6626 0.662033 0.662274
2354 -48.6626 0.662033 0.662299
2490 66.3374 0.662334 0.662276
2108 74.3374 0.662332 0.662295
2493 -99.6626 0.662033 0.662271
2495 30.3374 0.662334 0.662271
2240 17.3374 0.662334 0.662291
2502 208.337 0.662334 0.662293
2378 16.3374 0.662334 0.662272
2123 49.3374 0.662334 0.66228
2124 -55.6626 0.662033 0.66228
2125 82.3374 0.662332 0.662281
2514 12.3374 0.662334 0.662268
2515 -63.6626 0.662033 0.662299
2261 78.3374 0.662334 0.662294
2521 158.337 0.662332 0.662269
2170 -110.663 0.662033 0.66228
2400 68.3374 0.662332 0.662292
2403 -59.6626 0.662033 0.662289
2406 -88.6626 0.662033 0.662271
2289 -123.663 0.662033 0.662297
2165 87.3374 0.662332 0.662274
2042 -60.6626 0.662033 0.662268
2069 -1.66258 0.662033 0.662293
