2432 21.1019 -83.882 -90.1315
2092 -18.8981 -18.2086 -10.1347
2059 138.102 52.1834 48.1518
2060 22.1019 83.8306 96.0917
2114 26.1019 51.8461 57.0731
2331 45.1019 7.93054 -3.91015
2468 71.1019 63.0946 58.1825
2087 31.1019 5.37352 1.31841
2472 9.10191 9.96278 12.3985
2396 61.1019 51.1179 46.3501
2348 -23.8981 41.8691 44.164
2226 -6.89809 -16.6085 -25.8122
2492 -281.898 -204.383 -198.823
2498 -8.89809 -34.4549 -39.1376
2188 -270.898 30.5537 35.2373
2379 166.102 -5.48614 -13.3077
2513 -194.898 -5.58431 5.20324
2516 6.10191 12.628 21.6875
2264 -10.8981 42.3942 48.954
2522 22.1019 64.7211 67.8428
2267 189.102 -52.0305 -56.938
2140 -266.898 -234.028 -225.617
2270 -251.898 -195.47 -187.918
2399 155.102 107.748 102.06
2411 119.102 71.7469 63.96
2412 6.10191 25.0253 31.7206
2416 1.10191 7.38968 11.429
2417 56.1019 56.1015 57.1056
2294 98.1019 73.1431 65.7288
