2306 -15.6626 0.883524 10.7108
2065 -87.6626 -73.4055 -52.6679
2452 69.3374 69.5097 62.6452
2325 -50.6626 -50.381 -44.961
2326 -149.663 -46.8333 -30.7882
2464 -60.6626 -9.23208 -3.73243
2081 -15.6626 -56.1344 -75.8117
2338 -39.6626 -5.906 0.764998
2222 -36.6626 -116.649 -125.928
2354 -48.6626 -28.2618 3.45023
2490 66.3374 -19.7276 -30.6247
2108 74.3374 73.6988 65.1103
2493 -99.6626 -32.6404 -26.1115
2495 30.3374 50.0653 72.8026
2240 17.3374 118.219 127.476
2502 208.337 28.3116 22.1181
2378 16.3374 25.5342 34.7979
2123 49.3374 -93.7916 -104.28
2124 -55.6626 -32.8683 -20.9141
2125 82.3374 7.9844 2.70706
2514 12.3374 -7.73898 -18.7051
2515 -63.6626 31.4022 35.3952
2261 78.3374 -7.13677 -18.7736
2521 158.337 39.3219 33.1125
2170 -110.663 -32.4815 -19.4713
2400 68.3374 57.6402 49.2746
2403 -59.6626 -33.2853 -23.7578
2406 -88.6626 46.5215 60.0579
2289 -123.663 -84.9576 -75.9053
2165 87.3374 -14.4814 -31.5847
2042 -60.6626 -39.7631 -29.5273
2069 -1.66258 13.0194 23.5129
