2052 -276.519 -47.3695 -21.3158
2186 -294.519 -180.855 -137.998
2444 273.481 60.8375 -4.13461
2449 -262.519 -80.6284 -46.0477
2071 148.481 208.796 243.898
2328 62.4808 60.3726 24.8704
2201 -297.519 39.1531 63.7948
2334 -26.5192 -16.4836 23.2067
2209 1.48077 -128.825 -141.469
2476 455.481 146.316 119.661
2231 265.481 -221.564 -250.597
2360 396.481 -40.5014 -71.0563
2237 62.4808 61.3477 20.8328
2497 18.4808 -37.4639 -99.2245
2505 318.481 159.853 128.293
2258 106.481 106.914 92.4964
2388 330.481 -62.3648 -116.271
2518 -98.5192 124.277 162.813
2408 302.481 68.4167 38.2338
2028 153.481 128.406 41.4713
2158 -67.5192 -73.4716 -105.736
2415 -15.5192 -14.6114 -4.98278
2044 -297.519 78.015 112.016
