2048 0.132082529412 0.134707911765 340.0 44.90806 45.80069
2445 0.114091970252 0.117162173913 437.0 -49.858191 -51.19987
2324 0.12013225 0.123244477273 440.0 -52.85819 -54.22757
2078 0.0417281955446 0.0448944059406 404.0 -16.858191 -18.13734
2473 0.263989144487 0.266817395437 526.0 -138.85829 -140.34595
2346 0.179784302966 0.182699894068 472.0 -84.858191 -86.23435
2091 0.237910019685 0.240639173228 508.0 -120.85829 -122.2447
2221 0.0272818844221 0.0307568592965 398.0 -10.85819 -12.24123
2352 0.0291659358289 0.0314872192513 374.0 10.90806 11.77622
2098 0.0459458152174 0.0480375271739 368.0 16.90806 17.67781
2366 0.184332492308 0.188200830769 325.0 59.90806 61.16527
2368 0.176294021277 0.179346446809 470.0 -82.85819 -84.29283
2243 0.125462163743 0.127713596491 342.0 42.90806 43.67805
2116 0.0997373142857 0.101938885714 350.0 34.90806 35.67861
2503 2.43667821429 2.44393455357 112.0 272.90796 273.72067
2253 0.0869296957547 0.0903266745283 424.0 -36.858191 -38.29851
2129 0.0098673657289 0.0134606138107 391.0 -3.85814 -5.2631
2260 0.0102575065617 0.0125050656168 381.0 3.90811 4.76443
2525 0.0321454775 0.03527455 400.0 -12.858191 -14.10982
2274 0.147264735683 0.150577026432 454.0 -66.85819 -68.36197
2284 0.0671281710843 0.0706510361446 415.0 -27.858191 -29.32018
2033 0.160212993492 0.163252321041 461.0 -73.85819 -75.25932
2424 0.0129160789474 0.0153338947368 380.0 4.90811 5.82688
