2306 0.0423286652291 0.0435018948787 371.0 15.7039348 16.139203
2065 0.293324196656 0.294848668896 299.0 87.7039348 88.159752
2452 0.149777565789 0.151062436404 456.0 -68.29857 -68.884471
2325 0.150904567857 0.152052630952 336.0 50.7039348 51.089684
2326 0.631663859916 0.63339235865 237.0 149.7043348 150.113989
2464 0.186208388957 0.18777497546 326.0 60.7039348 61.214642
2081 0.0423286652291 0.0433241671159 371.0 15.7039348 16.073266
2338 0.114420561383 0.115796377522 347.0 39.7039348 40.181343
2222 0.104868385143 0.106341625714 350.0 36.7039348 37.219569
2354 0.144094481657 0.145272032544 338.0 48.7039348 49.101947
2490 0.144146953642 0.145379066225 453.0 -65.29857 -65.856717
2108 0.158999067245 0.160326819957 461.0 -73.29857 -73.910664
2493 0.347400469686 0.348978121951 287.0 99.7039348 100.156721
2495 0.0702603597122 0.0714944316547 417.0 -29.29857 -29.813178
2240 0.0403429950495 0.041943710396 404.0 -16.29857 -16.945259
2502 0.348400285714 0.349491159664 595.0 -207.29817 -207.94724
2378 0.0379617121588 0.0394218411911 403.0 -15.29857 -15.887002
2123 0.110776536697 0.112107227064 436.0 -48.29857 -48.878751
2124 0.168289833535 0.169641646526 331.0 55.7039349 56.151385
2125 0.173344498934 0.174644215352 469.0 -81.29857 -81.908137
2514 0.0283172180451 0.0296193283208 399.0 -11.29857 -11.818112
2515 0.197225804334 0.198424495356 323.0 63.7039348 64.091112
2261 0.166233483871 0.167456658065 465.0 -77.29857 -77.867346
2521 0.288620495413 0.289521297248 545.0 -157.29817 -157.789107
2170 0.401102662319 0.402547471014 276.0 110.7043348 111.103102
2400 0.147908945055 0.149178024176 455.0 -67.29857 -67.876001
2403 0.182580840367 0.183813929664 327.0 59.7039348 60.107155
2406 0.297664210738 0.299223728188 298.0 88.7039348 89.168671
2289 0.470358687452 0.471639927757 263.0 123.7043348 124.041301
2165 0.182064493671 0.18325042616 474.0 -86.29857 -86.860702
2042 0.186208388957 0.187436542945 326.0 60.7039348 61.104313
2069 0.00442575272727 0.00548683896104 385.0 1.7039148 2.112433
