2305 0.346030742475 0.351206070234 598.0 -206.926384 -210.02123
2434 0.174950810127 0.181542721519 474.0 -82.926684 -86.05125
2410 0.109172400911 0.115837927107 439.0 -47.926684 -50.85285
2181 0.121183561798 0.128536561798 445.0 -53.926685 -57.19877
2182 0.0950622379603 0.0988212747875 353.0 33.55697 34.88391
2311 0.0119292408377 0.0157245811518 382.0 4.55697 6.00679
2312 0.191997283058 0.198630516529 484.0 -92.926685 -96.13717
2443 0.0888928732394 0.0929895211268 355.0 31.55697 33.01128
2447 0.140286047198 0.144717728614 339.0 47.55697 49.05931
2064 0.240633759223 0.246742757282 515.0 -123.926386 -127.07252
2450 0.353597330579 0.358910413223 605.0 -213.926385 -217.1408
2195 0.183563018789 0.189982484342 479.0 -87.926686 -91.00161
2068 0.0737693611111 0.07716575 360.0 26.55697 27.77967
2327 0.107138550228 0.114302100457 438.0 -46.926685 -50.06432
2329 0.188644574689 0.19526373444 482.0 -90.926685 -94.11712
2202 0.279989966887 0.283931688742 302.0 84.55697 85.74737
2459 0.0888928732394 0.0925626760563 355.0 31.55697 32.85975
2076 0.0507929247573 0.0584517961165 412.0 -20.926685 -24.08214
2309 0.0280770478723 0.0314601861702 376.0 10.55697 11.82903
2208 0.126988250729 0.130495131195 343.0 43.55697 44.75983
2213 4.44446859155 4.46172591549 71.0 315.55727 316.78254
2216 0.130283538012 0.134212280702 342.0 44.55697 45.9006
2332 0.0950622379603 0.0983658640227 353.0 33.55697 34.72315
2349 0.160831741742 0.164879489489 333.0 53.55697 54.90487
2224 0.237673267057 0.244131988304 513.0 -121.926386 -125.23971
2482 0.127068491071 0.134496116071 448.0 -56.926684 -60.25426
2100 0.147053323442 0.150935430267 337.0 49.55697 50.86524
2104 0.20799053125 0.2124779375 320.0 66.55697 67.99294
2356 0.117216676301 0.120739768786 346.0 40.55697 41.77596
2362 0.223281550633 0.227513829114 316.0 70.55697 71.89437
2365 0.22559680198 0.231769544554 505.0 -113.926385 -117.04362
2295 0.140498206593 0.147636065934 455.0 -63.926684 -67.17441
2367 0.000187511508951 0.00776078516624 391.0 0.073317 -3.034467
2241 0.193663268041 0.200014515464 485.0 -93.926685 -97.00704
2119 0.0119292408377 0.0156351832461 382.0 4.55697 5.97264
2249 1.70319769231 1.71217160839 143.0 243.55727 244.84054
2506 0.0507929223301 0.0584788106796 412.0 -20.926684 -24.09327
2507 0.319307064846 0.32454109215 293.0 93.55697 95.09054
2252 0.189406061538 0.193290338462 325.0 61.55697 62.81936
2385 0.0447485675676 0.0481598648649 370.0 16.55697 17.81915
2137 0.0884071911422 0.0960094405594 429.0 -37.926685 -41.18805
2191 0.105095386728 0.112293729977 437.0 -45.926684 -49.07236
2273 0.0797680726257 0.0833036871508 358.0 28.55697 29.82272
2146 0.136932264706 0.140944029412 340.0 46.55697 47.92097
2228 0.111197011364 0.118583136364 440.0 -48.926685 -52.17658
2021 0.115218744344 0.122461244344 442.0 -50.926685 -54.12787
2278 2.06791484127 2.07776301587 126.0 260.55727 261.79814
2257 0.223281550633 0.22677335443 316.0 70.55697 71.66038
2437 0.014928675063 0.0225324685139 397.0 -5.926684 -8.94539
2409 0.0947376944444 0.102335162037 432.0 -40.926684 -44.20879
2026 0.160831741742 0.16463972973 333.0 53.55697 54.82503
2023 0.100980885057 0.107948114943 435.0 -43.926685 -46.95743
2156 0.02231671 0.029697675 400.0 -8.926684 -11.87907
2285 0.0776572759434 0.0851970990566 424.0 -32.926685 -36.12357
2369 0.0295947493797 0.0378520595533 403.0 -11.926684 -15.25438
2280 0.132875133038 0.139071485588 451.0 -59.926685 -62.72124
2034 0.107613094556 0.11179226361 349.0 37.55697 39.0155
2067 0.140286047198 0.144025427729 339.0 47.55697 48.82462
2167 0.130283538012 0.133918362573 342.0 44.55697 45.80008
2154 0.196974714579 0.203483983573 487.0 -95.926686 -99.0967
