2052 0.608437959641 0.608817780269 446.0 271.36333 271.53273
2186 0.676082546729 0.676648247664 428.0 289.36333 289.60545
2444 0.278292550201 0.279597218876 996.0 -277.17938 -278.47883
2449 0.5594855 0.559997826087 460.0 257.36333 257.599
2071 0.174717990815 0.176088438576 871.0 -152.17937 -153.37303
2328 0.0843046751592 0.0858549171975 785.0 -66.17917 -67.39611
2201 0.687913717647 0.688357341176 425.0 292.36333 292.55187
2334 0.0306947270115 0.0310054741379 696.0 21.36353 21.57981
2209 0.00715350828729 0.00889475138122 724.0 -5.17914 -6.4398
2476 0.389795730051 0.390809439728 1178.0 -459.17937 -460.37352
2231 0.272448755061 0.273725455466 988.0 -269.17937 -270.44075
2360 0.357622314567 0.358738257373 1119.0 -400.17937 -401.42811
2237 0.0843046751592 0.0858826369427 785.0 -66.17917 -67.41787
2497 0.0299314035088 0.0315468556005 741.0 -22.17917 -23.37622
2505 0.309490268972 0.310668933718 1041.0 -322.17937 -323.40636
2258 0.132906357057 0.134373196622 829.0 -110.17937 -111.39538
2388 0.317359335233 0.318581206078 1053.0 -334.17938 -335.46601
2518 0.149621041667 0.149927932692 624.0 93.36353 93.55503
2408 0.298711580488 0.299913443902 1025.0 -306.17937 -307.41128
2028 0.179428515982 0.180793778539 876.0 -157.17938 -158.37535
2158 0.0952114961832 0.0955699694656 655.0 62.36353 62.59833
2415 0.0146584582744 0.0149466619519 707.0 10.36353 10.56729
2044 0.687913717647 0.6884024 425.0 292.36333 292.57102
