2304 0.159852088452 0.163143243243 407.0 -65.0598 -66.3993
2178 0.120976349614 0.124214190231 389.0 -47.0598 -48.31932
2442 0.1451495 0.148592725 400.0 -58.0598 -59.43709
2192 0.204790232558 0.208268046512 430.0 -88.0598 -89.55526
2193 0.104366103896 0.105355584416 308.0 32.14476 32.44952
2336 0.133815866667 0.135153633333 300.0 40.14476 40.54609
2246 0.130049036545 0.130954086379 301.0 39.14476 39.41718
2483 0.417271083333 0.418665583333 240.0 100.14506 100.47974
2363 0.0448597765363 0.0490976256983 358.0 -16.0598 -17.57695
2236 0.0475203342618 0.0511710584958 359.0 -17.0598 -18.37041
2374 0.155703209877 0.159500641975 405.0 -63.0598 -64.59776
2250 0.125472634271 0.129203759591 391.0 -49.0598 -50.51867
2380 0.00634544378698 0.00715375739645 338.0 2.14476 2.41797
2382 0.26447866171 0.265789962825 269.0 71.14476 71.4975
2386 0.0657371584699 0.069908989071 366.0 -24.0598 -25.58669
2143 0.0475203342618 0.0517616155989 359.0 -17.0598 -18.58242
2402 0.070814673913 0.0747960869565 368.0 -26.0598 -27.52496
2282 0.111843636364 0.115797714286 385.0 -43.0598 -44.58212
2155 0.149402487562 0.153231069652 402.0 -60.0598 -61.59889
2159 0.070814673913 0.0742041304348 368.0 -26.0598 -27.30712
2161 0.00598779360465 0.0103645087209 344.0 -2.059801 -3.565391
2038 0.0527972299169 0.0567382271468 361.0 -19.0598 -20.4825
2423 0.0696376100629 0.0704678301887 318.0 22.14476 22.40877
2175 0.399773909465 0.401215226337 243.0 97.14506 97.4953
