2496 0.0245369525959 0.0284271106095 443.0 10.86987 12.59321
2465 0.0357322832981 0.0367446723044 473.0 -16.90137 -17.38023
2211 0.543775748299 0.549585680272 294.0 159.87007 161.57819
2404 0.0291833786848 0.0326859863946 441.0 12.86987 14.41452
2422 0.16465452381 0.165461483516 546.0 -89.90137 -90.34197
2279 0.0254302777778 0.0263414529915 468.0 -11.90137 -12.3278
2184 0.080642547619 0.0845938571429 420.0 33.86987 35.52942
2027 0.188141020942 0.192133848168 382.0 71.86987 73.39513
2510 0.137518471178 0.141556315789 399.0 54.86987 56.48097
2077 0.0634525051335 0.0645148870637 487.0 -30.90137 -31.41875
2288 0.040985940367 0.0449916284404 436.0 17.86987 19.61635
2097 0.16676059126 0.171388380463 389.0 64.86987 66.67008
2499 0.137809773157 0.138747769376 529.0 -72.90137 -73.39757
2390 0.129582767176 0.130424732824 524.0 -67.90137 -68.34256
2455 0.169767706186 0.17415814433 388.0 65.86987 67.57336
2215 0.229999647696 0.234300867209 369.0 84.86987 86.45702
2430 0.0254302777778 0.0265164957265 468.0 -11.90137 -12.40972
