2049 0.443219697509 0.447496761566 281.0 124.544735 125.74659
2057 0.108044904372 0.111360136612 366.0 39.544435 40.75781
2190 0.178908244186 0.182500959302 344.0 61.544436 62.78033
2478 0.338054406504 0.33845598374 615.0 -207.90346 -208.15043
2200 0.116927895879 0.117550563991 461.0 -53.90376 -54.19081
2207 0.0319196819338 0.0350212722646 393.0 12.544435 13.76336
2466 0.0768792743764 0.0774888888889 441.0 -33.90376 -34.1726
2470 0.190663538767 0.191398747515 503.0 -95.90376 -96.27357
2094 0.169191346939 0.169827142857 490.0 -82.90376 -83.2153
2223 0.120742462203 0.121317926566 463.0 -55.90376 -56.1702
2480 0.0672221973684 0.07028 380.0 25.544435 26.7064
2481 0.00465466992665 0.00543523227384 409.0 -1.90376 -2.22301
2035 0.164073429158 0.164798480493 487.0 -79.90376 -80.25686
2488 0.164073429158 0.164653716632 487.0 -79.90376 -80.18636
2489 0.308834397284 0.309285212224 589.0 -181.90346 -182.16899
2106 5.05290650746 5.06599820896 67.0 338.544736 339.42188
2235 0.0576475925926 0.0584711342593 432.0 -24.90376 -25.25953
2244 0.250282615101 0.250939281768 543.0 -135.90346 -136.26003
2501 0.131990959488 0.132643859275 469.0 -61.90376 -62.20997
2375 2.89946860577 2.90734317308 104.0 301.544735 302.36369
2248 0.0872504959786 0.0905304825737 373.0 32.544435 33.76787
2419 0.978267 0.984342195122 205.0 200.544735 201.79015
2384 0.00382286633663 0.00689599752475 404.0 1.544438 2.785983
2105 0.0266947746835 0.0299727848101 395.0 10.544436 11.83925
2142 0.034552130102 0.0376893367347 392.0 13.544435 14.77422
2272 0.178908241279 0.182433139535 344.0 61.544435 62.757
2405 0.0330255581948 0.0339150593824 421.0 -13.90376 -14.27824
2151 0.00465466992665 0.00538750611247 409.0 -1.90376 -2.20349
2281 0.0933268596882 0.0940898886414 449.0 -41.90376 -42.24636
2163 0.155401991701 0.156069564315 482.0 -74.90376 -75.22553
2037 0.21058040597 0.214066238806 335.0 70.544436 71.71219
2046 0.174246977688 0.174886186613 493.0 -85.90376 -86.21889
