2176 0.0817458024691 0.0852832804233 567.0 -46.34987 -48.35562
2441 0.156158460292 0.15914987034 617.0 -96.34977 -98.19547
2058 0.146475196721 0.149622885246 610.0 -89.34987 -91.26996
2316 0.161593816425 0.165256602254 621.0 -100.34976 -102.62435
2318 0.266689816901 0.269345887324 710.0 -189.34977 -191.23558
2319 0.182652700157 0.186626577708 637.0 -116.34977 -118.88113
2073 0.0833765539112 0.0961361945032 473.0 39.43711 45.47242
2456 0.182652700157 0.185684803768 637.0 -116.34977 -118.28122
2457 0.14128532294 0.154595389755 449.0 63.43711 69.41333
2330 0.244339288824 0.247304470247 689.0 -168.34977 -170.39278
2333 0.0394261866126 0.0515330425963 493.0 19.43711 25.40579
2206 0.22300026253 0.236658329356 419.0 93.43711 99.15984
2335 0.0516391074681 0.055177723133 549.0 -28.34987 -30.29257
2080 0.0720441631799 0.0848351464435 478.0 34.43711 40.5512
2086 0.152035456026 0.156342166124 614.0 -93.34977 -95.99409
2343 0.268408935644 0.283031138614 404.0 108.43721 114.34458
2090 0.0960935243056 0.100660868056 576.0 -55.34987 -57.98066
2351 0.00142453667954 0.00111604247104 518.0 0.73791 0.57811
2225 0.228865971223 0.243448273381 417.0 95.43711 101.51793
2353 0.119035313029 0.122060152284 591.0 -70.34987 -72.13755
2227 0.415572430939 0.431791823204 362.0 150.43722 156.30864
2486 0.219414932534 0.223120869565 667.0 -146.34976 -148.82162
2121 0.225926100478 0.240249090909 418.0 94.43711 100.42412
2361 0.214305947867 0.22955021327 422.0 90.43711 96.87019
2107 0.206325868902 0.209514756098 656.0 -135.34977 -137.44168
2314 0.135132674419 0.138640332226 602.0 -81.34987 -83.46148
2110 0.190279580093 0.194086951788 643.0 -122.34977 -124.79791
2111 0.251939324713 0.255297543103 696.0 -175.34977 -177.68709
2500 0.55755993921 0.574077021277 329.0 183.43722 188.87134
2377 0.0618916576577 0.0656952792793 555.0 -34.34987 -36.46088
2122 0.130801118531 0.134862971619 599.0 -78.34987 -80.78292
2251 0.131207770419 0.145184128035 453.0 59.43712 65.76841
2508 0.200086908665 0.214571545667 427.0 85.43711 91.62205
2511 0.0047787254902 0.0160346470588 510.0 2.43715 8.17767
2128 0.0976600693241 0.101351039861 577.0 -56.34986 -58.47955
2131 0.209938968134 0.213888482549 659.0 -138.34978 -140.95251
2138 0.146391744966 0.160204272931 447.0 65.43711 71.61131
2135 0.348518973684 0.363481710526 380.0 132.43721 138.12305
2136 0.0499085218978 0.0538887773723 548.0 -27.34987 -29.53105
2394 0.329058994845 0.331588801546 776.0 -255.34978 -257.31291
2383 3.41756215517 3.46807439655 116.0 396.43721 402.29663
2524 0.0213343421053 0.0265310150376 532.0 -11.34987 -14.1145
2141 0.429111589912 0.431613684211 912.0 -391.34977 -393.63168
2458 0.194039891641 0.197710851393 646.0 -125.34977 -127.72121
2271 0.281093025 0.297035725 400.0 112.43721 118.81429
2256 0.150652316476 0.153606737357 613.0 -92.34987 -94.16093
2043 5.02867305882 5.10082282353 85.0 427.43721 433.56994
2150 0.206325884146 0.209864481707 656.0 -135.34978 -137.6711
2471 0.300602081218 0.31539393401 394.0 118.43722 124.26521
2030 0.243779635922 0.256307524272 412.0 100.43721 105.5987
2032 0.0373220850202 0.049480242915 494.0 18.43711 24.44324
2290 0.156742911964 0.170933092551 443.0 69.43711 75.72336
2238 0.00449298279159 0.00930868068834 523.0 -2.34983 -4.86844
2041 0.00675275049116 0.0181595284872 509.0 3.43715 9.2432
2171 0.00109715594542 0.0107765282651 513.0 -0.562841 5.528359
2172 0.591419937888 0.609532484472 322.0 190.43722 196.26946
2047 0.161988911565 0.175206462585 441.0 71.43711 77.26605
