2433 0.00704391038697 0.00864450101833 491.0 3.45856 4.24445
2051 0.258163536896 0.260208167939 393.0 101.45827 102.26181
2180 0.211908259804 0.214196813725 408.0 86.45857 87.3923
2054 0.214885921376 0.216595577396 407.0 87.45857 88.1544
2157 0.182915239234 0.184600358852 418.0 76.45857 77.16295
2435 0.0453669556025 0.0473124312896 473.0 21.45857 22.37878
2204 0.294393376963 0.296100968586 382.0 112.45827 113.11057
2084 0.251793088608 0.253603316456 395.0 99.45827 100.17331
2219 0.311560397878 0.313314429708 377.0 117.45827 118.11954
2220 0.303773565826 0.306416498599 714.0 -216.894326 -218.78138
2487 0.174243064784 0.177484568106 602.0 -104.894325 -106.84571
2370 0.0366007756813 0.0381478406709 477.0 17.45857 18.19652
2373 0.102696796029 0.106141407942 554.0 -56.894025 -58.80234
2118 0.0638305574388 0.0675105838041 531.0 -33.894026 -35.84812
2247 0.0845193848987 0.0880796869245 543.0 -45.894026 -47.82727
2381 0.199507771337 0.202494299517 621.0 -123.894326 -125.74896
2255 0.584802147436 0.586940320513 312.0 182.45827 183.12538
2389 0.154581676871 0.157994319728 588.0 -90.894026 -92.90066
2263 0.152584079254 0.154148251748 429.0 65.45857 66.1296
2045 0.106171297539 0.107746577181 447.0 47.45857 48.16272
2029 0.101074186257 0.104300813743 553.0 -55.894025 -57.67835
2031 0.101074186257 0.104289783002 553.0 -55.894025 -57.67225
2160 0.191698089431 0.194589398374 615.0 -117.894325 -119.67248
2302 0.0633517634409 0.0648644086022 465.0 29.45857 30.16195
2427 0.0742905512104 0.0777802420857 537.0 -39.894026 -41.76799
2429 0.203356290064 0.206447051282 624.0 -126.894325 -128.82296
2174 0.134079288991 0.135814770642 436.0 58.45857 59.21524
