2339 0.0789807692308 0.107932186235 494.0 39.0165 53.3185
2358 0.176873727422 0.196081609195 609.0 -107.7161 -119.4137
2376 0.321350436681 0.337383187773 458.0 -147.1785 -154.5215
2185 0.0189698237885 0.0403938325991 454.0 8.6123 18.3388
2187 0.112422053232 0.13580608365 263.0 29.567 35.717
2287 0.313492879257 0.329913931889 646.0 -202.5164 -213.1244
2096 0.215151457944 0.236249476636 535.0 -115.10603 -126.39347
2088 0.0653019607843 0.0895019607843 255.0 16.652 22.823
2139 0.221061784897 0.241026315789 437.0 -96.604 -105.3285
2147 0.366097169811 0.389118238994 318.0 116.4189 123.7396
2164 0.136094379391 0.174246604215 427.0 -58.1123 -74.4033
2101 0.0653934117647 0.0974272941176 425.0 -27.7922 -41.4066
2454 0.144383458647 0.174744360902 266.0 38.406 46.482
2232 0.148908008658 0.17562012987 462.0 68.7955 81.1365
2393 0.0111295384615 0.0399276923077 325.0 -3.6171 -12.9765
2074 0.42846092437 0.466221848739 238.0 101.9737 110.9608
2479 0.20760494382 0.231801123596 445.0 -92.3842 -103.1515
2301 0.0549451612903 0.0755419354839 310.0 17.033 23.418
2303 0.0091690851735 0.0335706624606 317.0 2.9066 10.6419
