2050 2.29163805738 2.38041393443 122.0 279.579843 290.4105
2179 0.0921406896552 0.100021231527 406.0 37.40912 40.60862
2438 0.343323760331 0.348191528926 484.0 -166.1687 -168.5247
2183 0.143792592593 0.154596748971 486.0 -69.8832 -75.13402
2315 0.0337403597122 0.0453067625899 417.0 -14.06973 -18.89292
2194 0.0808079336735 0.0951732397959 392.0 31.67671 37.30791
2460 0.1955432 0.2155752 500.0 97.7716 107.7876
2342 0.00021978021978 0.00947978021978 455.0 0.1 4.3133
2218 0.0168067961165 0.0262979009709 412.0 -6.9244 -10.8347352
2477 0.165886744868 0.176653967742 341.0 56.56738 60.239003
2229 0.0557727586207 0.0747196286472 377.0 21.02633 28.1693
2103 0.103281765835 0.108688483685 521.0 -53.8098 -56.6267
2113 0.0619486746988 0.201869879518 415.0 -25.7087 -83.776
2115 0.130782324094 0.144132863539 469.0 -61.33691 -67.598313
2259 0.356438507463 0.364845373134 335.0 119.4069 122.2232
2523 0.102369047619 0.109849350649 462.0 -47.2945 -50.7504
2275 0.10720915493 0.113750938967 426.0 -45.6711 -48.4579
2022 0.138466228448 0.14819862069 464.0 -64.24833 -68.76416
2024 0.0889421171171 0.096163963964 444.0 39.4903 42.6968
2283 0.0285706199461 0.0356752021563 371.0 10.5997 13.2355
2291 0.140240222222 0.156569111111 450.0 -63.1081 -70.4561
2297 0.09029453125 0.125944270833 384.0 34.6731 48.3626
