2048 0.0144420588235 0.0346073529412 340.0 4.9103 11.7665
2445 0.0390208237986 0.044766590389 437.0 -17.0521 -19.563
2324 0.0521804545455 0.0683577272727 440.0 -22.9594 -30.0774
2078 0.150714356436 0.194616831683 404.0 -60.8886 -78.6252
2473 0.0262680608365 0.041927756654 526.0 13.817 22.054
2346 0.176887923729 0.203245338983 472.0 -83.4911 -95.9318
2091 0.187960433071 0.204752755906 508.0 -95.4839 -104.0144
2221 0.195009547739 0.214617336683 398.0 -77.6138 -85.4177
2352 0.181471925134 0.220014438503 374.0 -67.8705 -82.2854
2098 0.134622282609 0.153863315217 368.0 49.541 56.6217
2366 0.432104307692 0.450452 325.0 -140.4339 -146.3969
2368 0.0208963829787 0.0322506382979 470.0 -9.8213 -15.1578
2243 0.309807309942 0.348878362573 342.0 105.9541 119.3164
2116 0.0846062285714 0.103419257143 350.0 29.61218 36.19674
2503 1.014875 1.16653571429 112.0 113.666 130.652
2253 0.134211792453 0.168855188679 424.0 -56.9058 -71.5946
2129 0.247534910486 0.28169859335 391.0 96.78615 110.14415
2260 0.0483985564304 0.0682098425197 381.0 18.43985 25.98795
2525 0.29459225 0.31863725 400.0 -117.8369 -127.4549
2274 0.117995814978 0.130220484581 454.0 53.5701 59.1201
2284 0.084474939759 0.121436144578 415.0 35.0571 50.396
2033 0.247393926247 0.288617787419 461.0 -114.0486 -133.0528
2424 0.0723172368421 0.0822759210526 380.0 27.48055 31.26485
