2049 0.382208185053 0.535038790036 281.0 107.4005 150.3459
2057 0.0219158469945 0.0444308743169 366.0 8.0212 16.2617
2190 0.0727531976744 0.106964244186 344.0 25.0271 36.7957
2478 0.0350731707317 0.0887479674797 615.0 -21.57 -54.58
2200 0.053290021692 0.0787956616052 461.0 -24.5667 -36.3248
2207 0.0557852417303 0.0981605597964 393.0 -21.9236 -38.5771
2466 0.201423356009 0.226815646259 441.0 88.8277 100.0257
2470 0.0172976143141 0.0320431411531 503.0 8.7007 16.1177
2094 0.169226612245 0.23774122449 490.0 -82.92104 -116.4932
2223 0.016313174946 0.0543373650108 463.0 -7.553 -25.1582
2480 0.221198157895 0.235140263158 380.0 -84.0553 -89.3533
2481 0.261275550122 0.541339119804 409.0 106.8617 221.4077
2035 0.110716016427 0.147202669405 487.0 53.9187 71.6877
2488 0.0247 0.158075585216 487.0 -12.0289 -76.98281
2489 0.283221901528 0.306594719864 589.0 -166.8177 -180.58429
2106 2.97098507463 3.27010447761 67.0 199.056 219.097
2235 7.63888888889e-06 0.0022625 432.0 0.0033 0.9774
2244 0.164732965009 0.182450460405 543.0 -89.45 -99.0706
2501 0.206792537313 0.230609168443 469.0 -96.9857 -108.1557
2375 1.89021153846 2.51412307692 104.0 196.582 261.4688
2248 0.0737498391421 0.0832517292225 373.0 27.50869 31.052895
2419 0.732094146341 0.797434146341 205.0 150.0793 163.474
2384 0.0115841509901 0.0300433094059 404.0 -4.679997 -12.137497
2105 0.0140990886076 0.0384894683544 395.0 5.56914 15.20334
2142 0.0380007653061 0.102092346939 392.0 -14.8963 -40.0202
2272 0.249422093023 0.274456395349 344.0 85.8012 94.413
2405 0.0223121140143 0.0296671971496 421.0 -9.3934 -12.48989
2151 0.00067 0.0236092909535 409.0 -0.27403 9.6562
2281 0.155681959911 0.214129398664 449.0 -69.9012 -96.1441
2163 0.504432157676 0.517954979253 482.0 -243.1363 -249.6543
2037 0.265185970149 0.397562089552 335.0 -88.8373 -133.1833
2046 0.0154496957404 0.0274434077079 493.0 -7.6167 -13.5296
