2052 0.509519730942 0.538266367713 446.0 227.2458 240.0668
2186 0.175689252336 0.237712616822 428.0 75.195 101.741
2444 0.250401104418 0.308465461847 996.0 -249.3995 -307.2316
2449 0.167982608696 0.234226086957 460.0 77.272 107.744
2071 0.00104362801378 0.0512468427095 871.0 0.909 44.636
2328 0.0901041401274 0.10970089172 785.0 -70.73175 -86.1152
2201 1.28670352941 1.30904941176 425.0 546.849 556.346
2334 0.170988218391 0.182133333333 696.0 -119.0078 -126.7648
2209 0.224284212707 0.244244157459 724.0 -162.38177 -176.83277
2476 0.420357979626 0.43837147708 1178.0 -495.1817 -516.4016
2231 0.497772267206 0.509375506073 988.0 -491.799 -503.263
2360 0.516855227882 0.52845665773 1119.0 -578.361 -591.343
2237 3.96178343949e-05 0.000336433121019 785.0 0.0311 0.2641
2497 0.214284480432 0.282983535762 741.0 -158.7848 -209.6908
2505 0.118158501441 0.137211335255 1041.0 -123.003 -142.837
2258 0.073848371532 0.133750144753 829.0 -61.2203 -110.87887
2388 0.343873219373 0.356342640076 1053.0 -362.0985 -375.2288
2518 0.263257211538 0.297271474359 624.0 164.2725 185.4974
2408 0.133407804878 0.218095707317 1025.0 -136.743 -223.5481
2028 0.367053652968 0.383470319635 876.0 -321.539 -335.92
2158 0.0653508396947 0.0878790839695 655.0 -42.8048 -57.5608
2415 4.86562942008e-05 0.0106391513437 707.0 0.0344 7.52188
2044 0.404447058824 0.449934117647 425.0 171.89 191.222
