2340 0.0731544982517 0.075035541958 572.0 -41.844373 -42.92033
2245 0.0290189981685 0.0308001831502 546.0 -15.844373 -16.8169
2055 0.28931695122 0.290685487805 410.0 118.61995 119.18105
2152 0.146681887202 0.147691713666 461.0 67.62035 68.08588
2300 0.0636224346076 0.0647195372233 497.0 31.62035 32.16561
2317 0.0827757318339 0.0844220415225 578.0 -47.844373 -48.79594
2320 0.0795909253472 0.0812148784722 576.0 -45.844373 -46.77977
2322 0.0566625854093 0.0585609074733 562.0 -31.844373 -32.91123
2293 0.0405912401575 0.0414844488189 508.0 20.62035 21.0741
2198 0.0795909253472 0.0813213020833 576.0 -45.844373 -46.84107
2364 0.0218530867159 0.0237508302583 542.0 -11.844373 -12.87295
2072 0.0763839250871 0.0783079616725 574.0 -43.844373 -44.94877
2265 0.0633292809187 0.0650756183746 566.0 -35.844373 -36.8328
2268 0.125155731023 0.126385082508 606.0 -75.844373 -76.58936
2461 0.0343249052823 0.0362610018215 549.0 -18.844373 -19.90729
2117 0.0244580426357 0.0254210852713 516.0 12.62035 13.11728
2053 0.237985831382 0.239208384075 427.0 101.61995 102.14198
