2304 0.345993366093 0.375725798526 407.0 -140.8193 -152.9204
2178 0.254974807198 0.260496658098 389.0 -99.1852 -101.3332
2442 0.00285225 0.006948 400.0 1.1409 2.7792
2192 0.100546744186 0.114809069767 430.0 -43.2351 -49.3679
2193 0.14723961039 0.153171103896 308.0 -45.3498 -47.1767
2336 0.398649666667 0.418948666667 300.0 119.5949 125.6846
2246 0.453781063123 0.465559800664 301.0 136.5881 140.1335
2483 0.271936666667 0.30285875 240.0 65.2648 72.6861
2363 0.458386312849 0.473369553073 358.0 -164.1023 -169.4663
2236 0.133242061281 0.14074735376 359.0 47.8339 50.5283
2374 0.213596049383 0.222255061728 405.0 -86.5064 -90.0133
2250 0.0998317391304 0.157072634271 391.0 -39.03421 -61.4154
2380 0.214003254438 0.21835887574 338.0 72.3331 73.8053
2382 0.215150929368 0.237095910781 269.0 57.8756 63.7788
2386 0.166319945355 0.173132786885 366.0 -60.8731 -63.3666
2143 0.212102506964 0.252697214485 359.0 -76.1448 -90.7183
2402 0.0326880434783 0.038404076087 368.0 12.0292 14.1327
2282 0.0407431168831 0.0602392207792 385.0 -15.6861 -23.1921
2155 0.0112577114428 0.0201099502488 402.0 -4.5256 -8.0842
2159 0.0886918478261 0.0945793478261 368.0 32.6386 34.8052
2161 0.0888404098837 0.133588084302 344.0 -30.561101 -45.954301
2038 0.394457894737 0.415097783934 361.0 -142.3993 -149.8503
2423 0.358203773585 0.379102201258 318.0 113.9088 120.5545
2175 0.106839917695 0.150050617284 243.0 25.9621 36.4623
