2305 0.471319397993 0.495414882943 598.0 -281.849 -296.2581
2434 0.0015335443038 0.00781729957806 474.0 -0.7269 -3.7054
2410 0.095361047836 0.101560592255 439.0 41.8635 44.5851
2181 0.112511685393 0.121889213483 445.0 50.0677 54.2407
2182 0.168319546742 0.182567705382 353.0 59.4168 64.4464
2311 0.201465706806 0.211003926702 382.0 -76.9599 -80.6035
2312 0.0904371900826 0.110924586777 484.0 -43.7716 -53.6875
2443 0.084128056338 0.108169971831 355.0 29.86546 38.40034
2447 0.240855457227 0.257428613569 339.0 81.65 87.2683
2064 0.14880038835 0.157983106796 515.0 -76.6322 -81.3613
2450 0.374610743802 0.377281818182 605.0 -226.6395 -228.2555
2195 0.300076409186 0.317749478079 479.0 -143.7366 -152.202
2068 0.175192222222 0.187760555556 360.0 -63.0692 -67.5938
2327 0.149015981735 0.176842009132 438.0 -65.269 -77.4568
2329 0.200522136929 0.223416804979 482.0 -96.65167 -107.6869
2202 0.17294602649 0.182066556291 302.0 52.2297 54.9841
2459 0.17249943662 0.181993521127 355.0 61.2373 64.6077
2076 0.0553339805825 0.0622475728155 412.0 22.7976 25.646
2309 0.113347074468 0.156522074468 376.0 -42.6185 -58.8523
2208 0.511156559767 0.520325655977 343.0 175.3267 178.4717
2213 4.04745070423 4.11806056338 71.0 287.369 292.3823
2216 0.260568421053 0.287831871345 342.0 89.1144 98.4385
2332 0.0382538243626 0.0445991501416 353.0 13.5036 15.7435
2349 0.213848348348 0.235143243243 333.0 71.2115 78.3027
2224 0.0921578947368 0.101547173489 513.0 -47.277 -52.0937
2482 0.09645625 0.113875848214 448.0 -43.2124 -51.01638
2100 0.2394884273 0.26315578635 337.0 80.7076 88.6835
2104 0.21298446875 0.2780990625 320.0 68.15503 88.9917
2356 0.513443063584 0.532151156069 346.0 -177.6513 -184.1243
2362 0.14588164557 0.195887025316 316.0 46.0986 61.9003
2365 0.036820990099 0.0510978217822 505.0 -18.5946 -25.8044
2295 0.0441072527473 0.0713698901099 455.0 -20.0688 -32.4733
2367 0.0154085856777 0.045340657289 391.0 -6.024757 -17.728197
2241 0.255277525773 0.261989484536 485.0 -123.8096 -127.0649
2119 0.133646858639 0.141153664921 382.0 -51.0531 -53.9207
2249 0.496013986014 0.802195804196 143.0 70.93 114.714
2506 0.0322934466019 0.0389497572816 412.0 13.3049 16.0473
2507 0.323055085324 0.340069795222 293.0 94.65514 99.64045
2252 0.441904923077 0.471843692308 325.0 143.6191 153.3492
2385 0.0467320810811 0.0542547027027 370.0 17.29087 20.07424
2137 0.066375990676 0.0802128904429 429.0 -28.4753 -34.41133
2191 0.162950343249 0.179671853547 437.0 -71.2093 -78.5166
2273 0.00715558659218 0.0112581005587 358.0 2.5617 -4.0304
2146 0.435000882353 0.447112647059 340.0 -147.9003 -152.0183
2228 0.0193656818182 0.0418570454545 440.0 -8.5209 -18.4171
2021 0.0365425339367 0.0408 442.0 16.1518 18.0336
2278 1.85658333333 2.13663611111 126.0 233.9295 269.21615
2257 0.288899683544 0.36215443038 316.0 91.2923 114.4408
2437 0.079161209068 0.0886491183879 397.0 -31.427 -35.1937
2409 2.91666666667e-05 0.00785555555556 432.0 -0.0126 3.3936
2026 0.019103003003 0.0381102102102 333.0 -6.3613 -12.6907
2023 0.154100689655 0.161652643678 435.0 -67.0338 -70.3189
2156 0.108057 0.1134945 400.0 -43.2228 -45.3978
2285 0.105510377358 0.118166273585 424.0 -44.7364 -50.1025
2369 0.116458312655 0.128640694789 403.0 46.9327 51.8422
2280 0.0371 0.0532880266075 451.0 16.7321 24.0329
2034 1.54727793696e-05 0.00643810888252 349.0 0.0054 -2.2469
2067 0.201957817109 0.227723893805 339.0 68.4637 77.1984
2167 0.286428947368 0.303821637427 342.0 97.9587 103.907
2154 0.167935112936 0.194850482546 487.0 -81.7844 -94.892185
