2048 0.000306176470588 0.00601911764706 340.0 0.1041 -2.0465
2445 0.0538130434783 0.0842416475973 437.0 -23.5163 -36.8136
2324 0.0997514090909 0.13062575 440.0 -43.89062 -57.47533
2078 0.0562037128713 0.0797349009901 404.0 22.7063 32.2129
2473 0.0782420152091 0.0885448669202 526.0 -41.1553 -46.5746
2346 0.141736864407 0.163254025424 472.0 -66.8998 -77.0559
2091 0.253732559055 0.270554724409 508.0 -128.89614 -137.4418
2221 0.187482160804 0.202540954774 398.0 -74.6179 -80.6113
2352 0.176779144385 0.184818716578 374.0 66.1154 69.1222
2098 0.0605628804348 0.0626716032609 368.0 22.28714 23.06315
2366 0.398042769231 0.419215076923 325.0 -129.3639 -136.2449
2368 0.110009574468 0.123742553191 470.0 -51.7045 -58.159
2243 0.39358128655 0.402814035088 342.0 134.6048 137.7624
2116 0.0161094285714 0.0699728571429 350.0 5.6383 24.4905
2503 1.1509375 1.48125 112.0 128.905 165.9
2253 0.464094103774 0.492525707547 424.0 -196.7759 -208.8309
2129 0.0194413043478 0.0315540920716 391.0 7.60155 12.33765
2260 0.083336351706 0.097880183727 381.0 -31.75115 -37.29235
2525 0.00050875 0.01590925 400.0 -0.2035 6.3637
2274 0.0689832599119 0.08255969163 454.0 31.3184 37.4821
2284 0.0952698795181 0.116707951807 415.0 39.537 48.4338
2033 0.245598481562 0.258065292842 461.0 -113.2209 -118.9681
2424 0.0108969736842 0.0294938157895 380.0 -4.14085 -11.20765
