2310 0.0013547024952 0.00745259117083 521.0 -0.7058 -3.8828
2061 0.203165861514 0.210130917874 621.0 -126.166 -130.4913
2196 0.247694304858 0.300996649916 597.0 -147.8735 -179.695
2075 0.345576811594 0.35947426087 345.0 119.224 124.01862
2462 0.0896783289817 0.0983167101828 383.0 34.3468 37.6553
2214 0.1247775 0.168276590909 440.0 54.9021 74.0417
2095 0.129082302026 0.141759668508 543.0 -70.09169 -76.9755
2484 2.03719008264e-05 0.00669743801653 484.0 0.00986 -3.24156
2485 0.321502445055 0.347078296703 364.0 117.02689 126.3365
2494 0.21454807074 0.222695562701 622.0 -133.4489 -138.51664
2239 0.208566245902 0.218227667213 610.0 -127.22541 -133.118877
2112 0.133752622378 0.165723744755 572.0 -76.5065 -94.793982
2254 0.0977643340858 0.111736568849 443.0 -43.3096 -49.4993
2512 0.212244508816 0.217779445844 397.0 84.26107 86.45844
2132 0.33735390625 0.34730703125 512.0 -172.7252 -177.8212
2133 0.0474668393782 0.069181865285 386.0 -18.3222 -26.7042
2519 0.0223907582938 0.0362838862559 422.0 9.4489 15.3118
2392 0.0011008583691 0.0235371008584 466.0 -0.513 10.968289
2397 0.0370550964187 0.10980137741 363.0 -13.451 39.8579
2398 0.179453180662 0.197531526718 393.0 70.5251 77.62989
2277 0.0435946902655 0.0576736725664 452.0 -19.7048 -26.0685
2145 0.0491498734177 0.0751321518987 395.0 -19.4142 -29.6772
2149 0.441104375 0.48610371875 320.0 141.1534 155.55319
2025 0.246906339468 0.25761390593 489.0 -120.7372 -125.9732
2414 0.0105230107527 0.0194638709677 465.0 -4.8932 -9.0507
2162 0.0605306997743 0.0664101580135 443.0 -26.8151 -29.4197
2420 0.191532190083 0.212514628099 484.0 -92.70158 -102.85708
2166 0.299732806324 0.312371146245 506.0 151.6648 158.0598
2040 0.0770588349515 0.0973970873786 515.0 39.6853 50.1595
2298 0.0245649241147 0.0365193929174 593.0 14.567 21.656
2428 0.207002331606 0.21565373057 386.0 79.9029 83.24234
