2210 0.190095354523 0.193666748166 409.0 -77.749 -79.2097
2371 0.008373657289 0.0107606138107 391.0 3.2741 4.2074
2102 0.181122988506 0.187648965517 435.0 -78.7885 -81.6273
2407 0.245382225705 0.24767815047 319.0 -78.27693 -79.00933
2344 1.39723170732 1.52336585366 82.0 114.573 124.916
2313 0.0573653409091 0.0625761363636 352.0 20.1926 22.0268
2475 0.0258674626866 0.0291492537313 335.0 8.6656 9.765
2418 0.188684070796 0.202632743363 339.0 63.9639 68.6925
2286 0.679608308605 0.682175074184 337.0 -229.028 -229.893
2063 0.152727263844 0.157573192182 307.0 46.88727 48.37497
2321 0.00874772727273 0.0111636363636 440.0 -3.849 -4.912
2130 0.463152380952 0.468752380952 105.0 -48.631 -49.219
2134 0.0185266853933 0.0215497191011 356.0 6.5955 7.6717
2413 0.180733870968 0.18625 124.0 22.411 23.095
2296 0.0012935483871 0.00348188585608 403.0 0.5213 -1.4032
2169 0.0815925925926 0.0888740740741 135.0 -11.015 -11.998
2509 0.0943838120104 0.0997493472585 383.0 36.149 38.204
2127 0.165601685393 0.176637359551 356.0 -58.9542 -62.8829
2469 0.0590243902439 0.0609246119734 451.0 26.62 27.477
