2496 0.0243939051919 0.0634422121896 443.0 -10.8065 -28.1049
2465 0.0901972515856 0.117797674419 473.0 42.6633 55.7183
2211 0.445139455782 0.506920442177 294.0 130.871 149.03461
2404 0.180836734694 0.1915 441.0 -79.749 -84.4515
2422 0.116117582418 0.130293040293 546.0 -63.4002 -71.14
2279 0.0341087606838 0.0431876068376 468.0 15.9629 20.2118
2184 0.144182142857 0.156363095238 420.0 -60.5565 -65.6725
2027 0.00338089005236 0.00823638743456 382.0 1.2915 3.1463
2510 0.162263157895 0.185631578947 399.0 64.743 74.067
2077 0.0898940451745 0.108087679671 487.0 -43.7784 -52.6387
2288 0.0773756880734 0.132760779817 436.0 33.7358 57.8837
2097 0.0768982005141 0.110186632391 389.0 29.9134 42.8626
2499 0.0924759924386 0.101530812854 529.0 48.9198 53.7098
2390 0.130953664122 0.160029961832 524.0 -68.61972 -83.8557
2455 0.0823765463918 0.130693814433 388.0 31.9621 50.7092
2215 0.465446070461 0.513872086721 369.0 171.7496 189.6188
2430 0.102991239316 0.117418589744 468.0 -48.1999 -54.9519
