2052 0.400478026906 0.409713004484 446.0 178.6132 182.732
2186 0.119119158879 0.155689252336 428.0 50.983 66.635
2444 0.143474899598 0.165052208835 996.0 -142.901 -164.392
2449 0.390069782609 0.408215652174 460.0 179.4321 187.7792
2071 0.0166544202067 0.0427887485649 871.0 -14.506 -37.269
2328 0.092850955414 0.104198343949 785.0 -72.888 -81.7957
2201 0.868412705882 0.898432235294 425.0 369.0754 381.8337
2334 0.0178027298851 0.0343357758621 696.0 -12.3907 -23.8977
2209 0.0794922237569 0.0915922237569 724.0 -57.55237 -66.31277
2476 0.254711375212 0.269818336163 1178.0 -300.05 -317.846
2231 0.536813765182 0.561392712551 988.0 -530.372 -554.656
2360 0.424921715818 0.437241465594 1119.0 -475.4874 -489.2732
2237 0.00619261146497 0.026781910828 785.0 4.8612 21.0238
2497 0.257562483131 0.29367854251 741.0 -190.8538 -217.6158
2505 0.188896253602 0.201576368876 1041.0 -196.641 -209.841
2258 0.201075030157 0.217662846803 829.0 -166.6912 -180.4425
2388 0.423449192783 0.433971509972 1053.0 -445.892 -456.972
2518 0.171400384615 0.190840384615 624.0 106.95384 119.0844
2408 0.198546341463 0.209739707317 1025.0 -203.51 -214.9832
2028 0.175086423516 0.213787100457 876.0 -153.375707 -187.2775
2158 0.130935572519 0.15096 655.0 -85.7628 -98.8788
2415 0.0118302687412 0.0249325318246 707.0 -8.364 -17.6273
2044 0.277098823529 0.289785882353 425.0 117.767 123.159
