2176 0.0699888888889 0.0919593121693 567.0 -39.6837 -52.14093
2441 0.247129335494 0.258212317666 617.0 -152.4788 -159.317
2058 0.0994583606557 0.114692622951 610.0 -60.6696 -69.9625
2316 0.163313784219 0.192906441224 621.0 -101.41786 -119.7949
2318 0.331573521127 0.341806760563 710.0 -235.4172 -242.6828
2319 0.0643626373626 0.095808477237 637.0 40.999 61.03
2073 0.0945963424947 0.120296617336 473.0 44.74407 56.9003
2456 0.365323390895 0.453467817896 637.0 -232.711 -288.859
2457 0.000202227171492 0.0107605790646 449.0 -0.0908 -4.8315
2330 0.203355587808 0.244079811321 689.0 -140.112 -168.17099
2333 0.464935294118 0.479931237323 493.0 -229.2131 -236.6061
2206 0.346179236277 0.380166587112 419.0 145.0491 159.2898
2335 0.246648269581 0.305746630237 549.0 135.4099 167.8549
2080 0.326416108787 0.337579288703 478.0 156.0269 161.3629
2086 0.180825081433 0.189861074919 614.0 -111.0266 -116.5747
2343 0.0204925742574 0.0322678217822 404.0 8.279 13.0362
2090 0.124886822917 0.135759375 576.0 -71.93481 -78.1974
2351 0.148308185328 0.193287528958 518.0 76.82364 100.12294
2225 0.684994964029 0.701148441247 417.0 285.6429 292.3789
2353 0.034555499154 0.0450082910321 591.0 20.4223 26.5999
2227 0.254117403315 0.33347679558 362.0 91.9905 120.7186
2486 0.236464482759 0.255317241379 667.0 -157.72181 -170.2966
2121 0.30616937799 0.339473205742 418.0 127.9788 141.8998
2361 0.0872412322275 0.137073459716 422.0 36.8158 57.845
2107 0.191273323171 0.203118780488 656.0 -125.4753 -133.24592
2314 0.225898006645 0.233450664452 602.0 -135.9906 -140.5373
2110 0.121210108865 0.144355209953 643.0 -77.9381 -92.8204
2111 0.262002107184 0.317740086207 696.0 -182.3534666 -221.1471
2500 0.349217325228 0.369030699088 329.0 114.8925 121.4111
2377 0.150432252252 0.166563783784 555.0 83.4899 92.4429
2122 0.312334056761 0.328594490818 599.0 -187.0881 -196.8281
2251 0.0360885209713 0.043101986755 453.0 16.3481 19.5252
2508 0.282156674473 0.29794028103 427.0 120.4809 127.2205
2511 0.00800574117647 0.0165431764706 510.0 4.082928 8.43702
2128 0.131902772964 0.187231369151 577.0 -76.1079 -108.0325
2131 0.331717754173 0.344676024279 659.0 -218.602 -227.1415
2138 0.0856154362416 0.0956310961969 447.0 -38.2701 -42.7471
2135 0.138138157895 0.203557631579 380.0 52.4925 77.3519
2136 0.0272032846715 0.0392450729927 548.0 -14.9074 -21.5063
2394 0.447989561856 0.477768041237 776.0 -347.6399 -370.748
2383 2.44021551724 2.48275 116.0 283.065 287.999
2524 0.135518045113 0.162660526316 532.0 -72.0956 -86.5354
2141 0.468542872807 0.496001644737 912.0 -427.3111 -452.3535
2458 0.0062399380805 0.0359721362229 646.0 -4.031 -23.238
2271 0.32791425 0.33933625 400.0 131.1657 135.7345
2256 0.0999884176183 0.120482707993 613.0 61.2929 73.8559
2043 3.11825882353 3.28289411765 85.0 265.052 279.046
2150 0.370254573171 0.381731707317 656.0 -242.887 -250.416
2471 0.358452791878 0.374387817259 394.0 141.2304 147.5088
2030 0.492873786408 0.518963592233 412.0 203.064 213.813
2032 0.277872672065 0.285611538462 494.0 -137.2691 -141.0921
2290 0.0308284424379 0.0458600451467 443.0 13.657 20.316
2238 0.185154416826 0.210055564054 523.0 -96.83576 -109.85906
2041 0.118206601179 0.144671237721 509.0 -60.16716 -73.63766
2171 0.177765183236 0.197678243665 513.0 91.193539 101.408939
2172 0.583206832298 0.599204720497 322.0 187.7926 192.94392
2047 0.117806349206 0.167165895692 441.0 51.9526 73.72016
