2340 0.0062770979021 0.0350379370629 572.0 3.5905 -20.0417
2245 0.000278388278388 0.0128073260073 546.0 -0.152 6.9928
2055 0.368432926829 0.378951219512 410.0 151.0575 155.37
2152 0.0739761388286 0.120610845987 461.0 34.103 55.6016
2300 0.00343742454728 0.0112503018109 497.0 -1.7084 5.5914
2317 0.0202737024221 0.0301534602076 578.0 -11.7182 -17.4287
2320 8.68055555547e-07 0.00370815972222 576.0 -0.000499999999995 2.1359
2322 1.37010676157e-05 0.00857348754448 562.0 -0.0077 4.8183
2293 0.343457480315 0.396510629921 508.0 174.4764 201.4274
2198 0.0180362847222 0.0284411458333 576.0 -10.3889 -16.3821
2364 0.00274741697417 0.0175308118081 542.0 1.4891 9.5017
2072 0.0582129965157 0.0727299477352 574.0 -33.41426 -41.74699
2265 0.13824434629 0.149677031802 566.0 -78.2463 -84.7172
2268 0.171138778878 0.177624752475 606.0 -103.7101 -107.6406
2461 0.000161930783242 0.0300080145719 549.0 0.0889 16.4744
2117 0.274390697674 0.32604379845 516.0 -141.5856 -168.2386
2053 0.151190632319 0.188642622951 427.0 64.5584 80.5504
