2176 0.188514285714 0.225308289242 567.0 -106.8876 -127.7498
2441 0.316528200972 0.32069286872 617.0 -195.2979 -197.8675
2058 0.150867180328 0.156308986885 610.0 -92.02898 -95.348482
2316 0.201266666667 0.208027214171 621.0 -124.9866 -129.1849
2318 0.054814084507 0.0979014084507 710.0 -38.918 -69.51
2319 0.0709802197802 0.166178963893 637.0 -45.2144 -105.856
2073 0.070374756871 0.0774843551797 473.0 33.28726 36.6501
2456 0.00113657770801 0.0614335949765 637.0 0.724 -39.1332
2457 0.0331708240535 0.0380828507795 449.0 -14.8937 -17.0992
2330 0.187519448476 0.195035849057 689.0 -129.2009 -134.3797
2333 7.9107505071e-06 0.0130651115619 493.0 -0.0039 6.4411
2206 0.343063484487 0.350357995227 419.0 143.7436 146.8
2335 0.000860655737705 0.00695628415301 549.0 -0.4725 -3.819
2080 0.0819038284519 0.108224686192 478.0 39.15003 51.7314
2086 0.407884364821 0.421690553746 614.0 -250.441 -258.918
2343 0.11601509901 0.159865594059 404.0 46.8701 64.5857
2090 0.0481366319444 0.0518083333333 576.0 -27.7267 -29.8416
2351 0.0589307722008 0.0817247876448 518.0 30.52614 42.33344
2225 0.272992326139 0.291430215827 417.0 113.8378 121.5264
2353 0.0850810490694 0.146336548223 591.0 50.2829 86.4849
2227 0.48253038674 0.499439226519 362.0 174.676 180.797
2486 0.237617391304 0.247644377811 667.0 -158.4908 -165.1788
2121 0.234754521531 0.261340669856 418.0 98.12739 109.2404
2361 0.200526824645 0.211976753555 422.0 84.62232 89.45419
2107 0.22251347561 0.23462347561 656.0 -145.96884 -153.913
2314 0.114173421927 0.13901820598 602.0 -68.7324 -83.68896
2110 0.0870301710731 0.14772659409 643.0 -55.9604 -94.9882
2111 0.401684195402 0.412350574713 696.0 -279.5722 -286.996
2500 0.488329179331 0.511832826748 329.0 160.6603 168.393
2377 0.131426846847 0.137952972973 555.0 72.9419 76.5639
2122 0.0072510851419 0.00962554257095 599.0 -4.3434 -5.7657
2251 0.0469748344371 0.0553322295806 453.0 21.2796 25.0655
2508 0.227825761124 0.245584543326 427.0 97.2816 104.8646
2511 0.0580528627451 0.0625050196078 510.0 -29.60696 -31.87756
2128 0.164616291161 0.181799133449 577.0 -94.9836 -104.8981
2131 0.292781638847 0.309057359636 659.0 -192.9431 -203.6688
2138 0.0794035794183 0.0864445190157 447.0 35.4934 38.6407
2135 0.331723815789 0.346864131579 380.0 126.05505 131.80837
2136 0.0303405109489 0.0459239233577 548.0 -16.6266 -25.16631
2394 0.287737242268 0.291496778351 776.0 -223.2841 -226.2015
2383 3.33181293103 3.4017312931 116.0 386.4903 394.60083
2524 0.102170488722 0.124562593985 532.0 -54.3547 -66.2673
2141 0.352372697368 0.375669078947 912.0 -321.3639 -342.6102
2458 0.130265479876 0.164514241486 646.0 -84.1515 -106.2762
2271 0.42314975 0.42982025 400.0 169.2599 171.9281
2256 0.0860618270799 0.0938807504078 613.0 52.7559 57.5489
2043 0.782376470588 1.21890588235 85.0 66.502 103.607
2150 0.539853658537 0.548295731707 656.0 -354.144 -359.682
2471 0.0724639593909 0.155281218274 394.0 28.5508 61.1808
2030 0.356493203883 0.371233009709 412.0 146.8752 152.948
2032 1.65991902834e-05 0.0110572874494 494.0 0.0082 5.4623
2290 0.0269047404063 0.0396079006772 443.0 11.9188 17.5463
2238 0.0153633652008 0.0240328107075 523.0 -8.03504 -12.56916
2041 0.208066915521 0.213473595285 509.0 -105.90606 -108.65806
2171 4.51423001949e-05 0.000750547758285 513.0 0.023158 -0.385031
2172 0.569465217391 0.582977515528 322.0 183.3678 187.71876
2047 0.110829024943 0.125511791383 441.0 48.8756 55.3507
