2432 0.173433423181 0.201557681941 371.0 -64.3438 -74.7779
2092 0.21456918429 0.22911570997 331.0 71.0224 75.8373
2059 0.248891803279 0.303190286885 488.0 -121.4592 -147.95686
2060 0.119529301075 0.143775537634 372.0 -44.4649 -53.4845
2114 0.0632 0.077504787234 376.0 23.7632 29.1418
2331 0.00225848101266 0.0318318987342 395.0 0.8921 -12.5736
2468 0.0893843230404 0.114457007126 421.0 -37.6308 -48.1864
2087 0.110214435696 0.144008661417 381.0 -41.9917 -54.8673
2472 0.0595100557103 0.0683835933148 359.0 -21.36411 -24.54971
2396 0.102652068127 0.119333090024 411.0 -42.19 -49.0459
2348 0.260572392638 0.265903374233 326.0 84.9466 86.6845
2226 0.189530641399 0.220230349854 343.0 -65.00901 -75.53901
2492 0.592191176471 0.732764705882 68.0 40.269 49.828
2498 0.303031994135 0.319495337243 341.0 -103.33391 -108.94791
2188 2.91555189873 2.96059493671 79.0 230.3286 233.887
2379 0.447012403101 0.489221124031 516.0 -230.6584 -252.4381
2513 0.43655483871 0.492251612903 155.0 67.666 76.299
2516 0.0328775 0.0497783426966 356.0 11.70439 17.72109
2264 0.100937463127 0.10817640118 339.0 34.2178 36.6718
2522 0.192499731183 0.20045 372.0 -71.6099 -74.5674
2267 0.37238812616 0.385099814471 539.0 -200.7172 -207.5688
2140 0.857204819277 1.06297590361 83.0 71.148 88.227
2270 1.24630612245 1.94330612245 98.0 122.138 190.444
2399 0.194929108911 0.198490891089 505.0 -98.4392 -100.2379
2411 0.175367377399 0.181690618337 469.0 -82.2473 -85.2129
2412 0.307131769663 0.318199185393 356.0 -109.33891 -113.27891
2416 0.124813133903 0.158878091168 351.0 -43.80941 -55.76621
2417 0.100152463054 0.111928571429 406.0 -40.6619 -45.443
2294 0.25461875 0.26414375 448.0 -114.0692 -118.3364
