2307 0.0780659322034 0.0883259322034 590.0 -46.0589 -52.1123
2436 0.0991243670886 0.107318987342 632.0 62.6466 67.8256
2439 0.15485357438 0.16337446281 484.0 74.94913 79.07324
2440 0.535204035874 0.550753363229 446.0 238.701 245.636
2189 0.0650040310078 0.0731210852713 645.0 -41.9276 -47.1631
2446 0.295305049088 0.3002628331 713.0 -210.5525 -214.0874
2070 0.454942662116 0.468360750853 586.0 -266.5964 -274.4594
2199 0.0253143167028 0.0309709327549 461.0 11.6699 14.2776
2345 0.0703617088608 0.0793079113924 632.0 44.4686 50.1226
2463 0.106028571429 0.142487797619 672.0 -71.2512 -95.7518
2337 0.243419971671 0.248787677054 706.0 -171.8545 -175.6441
2467 0.300724444444 0.309325679012 405.0 121.7934 125.2769
2085 0.308854545455 0.324071136364 440.0 135.896 142.5913
2217 0.16842462963 0.178603518519 540.0 90.9493 96.4459
2474 0.61658 0.659792881356 295.0 181.8911 194.6389
2347 0.162104590818 0.165546906188 501.0 81.2144 82.939
2093 0.203839677047 0.208743944637 867.0 -176.729 -180.981
2355 0.0756369348659 0.103194252874 522.0 39.48248 53.8674
2357 0.401493970894 0.410057380457 481.0 193.1186 197.2376
2359 0.166233568075 0.178317840376 426.0 70.8155 75.9634
2233 0.0155682382134 0.0344466501241 403.0 -6.274 -13.882
2234 0.035100792393 0.041675911252 631.0 -22.1486 -26.2975
2079 0.00303485477178 0.0111649377593 482.0 -1.4628 -5.3815
2372 0.416138148148 0.427478888889 540.0 224.7146 230.8386
2126 0.0929529411765 0.104555882353 680.0 63.208 71.098
2387 0.0212120350109 0.0435842450766 457.0 9.6939 19.918
2517 0.124748606811 0.134663467492 646.0 80.5876 86.9926
2262 0.0046880952381 0.029493956044 546.0 -2.5597 -16.1037
2520 0.0993116385911 0.104641041348 653.0 -64.8505 -68.3306
2148 0.517496114519 0.528966462168 489.0 253.0556 258.6646
2266 0.188119787517 0.203637848606 753.0 -141.6542 -153.3393
2395 0.377175802998 0.384562740899 467.0 176.1411 179.5908
2269 0.311040369393 0.317253825858 379.0 117.8843 120.2392
2144 0.0937170391061 0.107348603352 716.0 -67.1014 -76.8616
2401 0.632689166667 0.64514 360.0 227.7681 232.2504
2491 0.134357480315 0.146262834646 635.0 -85.317 -92.8769
2276 0.0977283302064 0.104336022514 533.0 52.0892 55.6111
2292 0.0967799455535 0.108088475499 551.0 53.32575 59.55675
2153 0.293769058296 0.328727130045 446.0 131.021 146.6123
2036 0.0370467791411 0.0430058282209 652.0 -24.1545 -28.0398
2421 0.259071008403 0.268401540616 714.0 -184.9767 -191.6387
2039 0.196523857868 0.208910152284 591.0 -116.1456 -123.4659
2168 0.294411434511 0.302154469854 481.0 141.6119 145.3363
2426 0.268685956416 0.273820096852 413.0 110.9673 113.0877
2299 0.490424603175 0.576011904762 252.0 123.587 145.155
2431 0.235250707665 0.242011848485 561.0 131.975647 135.768647
