2306 0.263274123989 0.26824097035 371.0 97.6747 99.5174
2065 0.189703344482 0.194566220736 299.0 56.7213 58.1753
2452 0.0802160087719 0.0849872807018 456.0 -36.5785 -38.7542
2325 0.0287226190476 0.0319285714286 336.0 -9.6508 -10.728
2326 0.546235021097 0.55953164557 237.0 129.4577 132.609
2464 0.174145398773 0.181363190184 326.0 -56.7714 -59.1244
2081 0.151186522911 0.15663180593 371.0 -56.0902 -58.1104
2338 0.148536887608 0.154486743516 347.0 51.5423 53.6069
2222 0.0103242857143 0.015776 350.0 3.6135 5.5216
2354 0.0367301775148 0.044724556213 338.0 12.4148 15.1169
2490 0.218416556291 0.226180573951 453.0 -98.9427 -102.4598
2108 0.0067726681128 0.012474186551 461.0 -3.1222 -5.7506
2493 0.472936585366 0.479730662021 287.0 135.7328 137.6827
2495 0.0625642685851 0.0704242206235 417.0 26.0893 29.3669
2240 0.185215594059 0.194236881188 404.0 74.8271 78.4717
2502 0.422919663866 0.428955630252 595.0 -251.6372 -255.2286
2378 0.0280867245658 0.0395527295285 403.0 -11.31895 -15.93975
2123 0.316166743119 0.31919266055 436.0 -137.8487 -139.168
2124 0.0752743202417 0.0796145015106 331.0 24.9158 26.3524
2125 0.216019402985 0.21949466951 469.0 -101.3131 -102.943
2514 0.0886614035088 0.0935398496241 399.0 35.3759 37.3224
2515 0.266238080495 0.277387616099 323.0 85.9949 89.5962
2261 0.0472860215054 0.0543010752688 465.0 -21.988 -25.25
2521 0.211178899083 0.222465504587 545.0 -115.0925 -121.2437
2170 0.482942028986 0.537186956522 276.0 133.292 148.2636
2400 0.0236221978022 0.0259584615385 455.0 10.7481 11.8111
2403 0.114620183486 0.126190214067 327.0 37.4808 41.2642
2406 0.659210067114 0.667676510067 298.0 196.4446 198.9676
2289 0.678426996198 0.688927756654 263.0 178.4263 181.188
2165 0.177631582278 0.187261265823 474.0 -84.19737 -88.76184
2042 0.101804294479 0.120060429448 326.0 33.1882 39.1397
2069 0.0748807272727 0.0860760519481 385.0 28.82908 33.13928
