2052 0.513788116592 0.572204484305 446.0 229.1495 255.2032
2186 0.265570093458 0.365703271028 428.0 113.664 156.521
2444 0.21349748996 0.278730532129 996.0 -212.6435 -277.61561
2449 0.395414347826 0.470589782609 460.0 181.8906 216.4713
2071 0.0692479908152 0.109548794489 871.0 60.315 95.417
2328 0.00268560509554 0.0479113375796 785.0 -2.1082 -37.6104
2201 0.792169647059 0.850150117647 425.0 336.6721 361.3138
2334 0.0144189655172 0.0714452586207 696.0 10.0356 49.7259
2209 0.179980345304 0.197444433702 724.0 -130.30577 -142.94977
2476 0.262449066214 0.285076400679 1178.0 -309.165 -335.82
2231 0.492960526316 0.522346153846 988.0 -487.045 -516.078
2360 0.39051152815 0.417817068811 1119.0 -436.9824 -467.5373
2237 0.00144343949045 0.0530547770701 785.0 -1.1331 -41.648
2497 0.0754989203779 0.158846558704 741.0 -55.9447 -117.7053
2505 0.152380403458 0.18269740634 1041.0 -158.628 -190.188
2258 0.000522316043426 0.0168692400483 829.0 0.433 -13.9846
2388 0.373072934473 0.424265906933 1053.0 -392.8458 -446.752
2518 0.357045192308 0.418801602564 624.0 222.7962 261.3322
2408 0.228355414634 0.257802146341 1025.0 -234.0643 -264.2472
2028 0.0286244292237 0.127864954338 876.0 -25.075 -112.0097
2158 0.00908763358779 0.058346259542 655.0 -5.9524 -38.2168
2415 0.00128401697313 0.0149029985856 707.0 0.9078 10.53642
2044 0.883609411765 0.963611764706 425.0 375.534 409.535
