2433 0.171341527495 0.180672688391 491.0 84.12869 88.71029
2051 0.167595419847 0.211703053435 393.0 65.865 83.1993
2180 0.172367156863 0.231634681373 408.0 70.3258 94.50695
2054 0.213514447174 0.264171253071 407.0 86.90038 107.5177
2157 0.223268421053 0.250297607656 418.0 93.3262 104.6244
2435 0.0239359408034 0.0329779069767 473.0 11.3217 15.59855
2204 0.0929552356021 0.115013089005 382.0 35.5089 43.935
2084 0.331803291139 0.346808607595 395.0 131.0623 136.9894
2219 0.308404854111 0.324561830239 377.0 116.26863 122.35981
2220 0.17923837535 0.196416386555 714.0 -127.9762 -140.2413
2487 0.112807807309 0.142196677741 602.0 -67.9103 -85.6024
2370 0.0877698113208 0.109777987421 477.0 41.8662 52.3641
2373 0.0117086642599 0.0395377256318 554.0 -6.4866 -21.9039
2118 0.0157338983051 0.0830821092279 531.0 8.3547 44.1166
2247 0.058252854512 0.0822414364641 543.0 31.6313 44.6571
2381 0.0547455716586 0.131041545894 621.0 -33.997 -81.3768
2255 0.701647435897 0.727781730769 312.0 218.914 227.0679
2389 0.00210391156463 0.0309008503401 588.0 -1.2371 -18.1697
2263 0.201247552448 0.222527272727 429.0 86.3352 95.4642
2045 0.0329821029083 0.0547286353468 447.0 -14.743 -24.4637
2029 0.288319529837 0.301928933092 553.0 -159.4407 -166.9667
2031 0.0993597826401 0.10892641953 553.0 -54.9459598 -60.23631
2160 0.151407804878 0.178988520325 615.0 -93.1158 -110.07794
2302 0.208635913978 0.238668172043 465.0 -97.0157 -110.9807
2427 0.148079515829 0.22150726257 537.0 -79.5187 -118.9494
2429 0.10497724359 0.117065224359 624.0 -65.5058 -73.0487
2174 0.17748646789 0.197657568807 436.0 77.3841 86.1787
