2433 0.0811142362525 0.0849105702648 491.0 39.82709 41.69109
2051 0.272882977099 0.277694020356 393.0 107.24301 109.13375
2180 0.0692774509804 0.071556127451 408.0 28.2652 29.1949
2054 0.265307616708 0.2689004914 407.0 107.9802 109.4425
2157 0.336600478469 0.34614569378 418.0 140.699 144.6889
2435 0.0428239957717 0.0636862367865 473.0 20.25575 30.12359
2204 0.17662591623 0.18267382199 382.0 67.4711 69.7814
2084 0.193223291139 0.197053417722 395.0 76.3232 77.8361
2219 0.152554111406 0.155551724138 377.0 57.5129 58.643
2220 0.199959243697 0.201796778711 714.0 -142.7709 -144.0829
2487 0.00961877076412 0.0130392026578 602.0 -5.7905 -7.8496
2370 0.0845163522013 0.0918555555556 477.0 40.3143 43.8151
2373 0.105690848375 0.110194855596 554.0 -58.55273 -61.04795
2118 0.148053295669 0.150912052731 531.0 78.6163 80.1343
2247 0.0953858195212 0.0979950276243 543.0 51.7945 53.2113
2381 0.0261191626409 0.0340273752013 621.0 -16.22 -21.131
2255 0.662456730769 0.707167948718 312.0 206.6865 220.6364
2389 0.0738556122449 0.079481462585 588.0 -43.4271 -46.7351
2263 0.146223123543 0.166577202797 429.0 62.72972 71.46162
2045 0.129014988814 0.131587695749 447.0 -57.6697 -58.8197
2029 0.213258589512 0.215136347197 553.0 -117.932 -118.9704
2031 0.0672783001808 0.0708952983725 553.0 -37.2049 -39.2051
2160 0.306403739837 0.309030081301 615.0 -188.4383 -190.0535
2302 0.23313483871 0.247758494624 465.0 -108.4077 -115.2077
2427 0.182935195531 0.186989385475 537.0 -98.2362 -100.4133
2429 0.0759350961538 0.0874608974359 624.0 -47.3835 -54.5756
2174 0.36141353211 0.368860321101 436.0 157.5763 160.8231
