2496 0.0393785778781 0.0605426636569 443.0 17.44471 26.8204
2465 0.114723890063 0.158636786469 473.0 54.2644 75.0352
2211 0.689716666667 0.717920408163 294.0 202.7767 211.0686
2404 0.130930839002 0.146270521542 441.0 -57.7405 -64.5053
2422 0.179976336996 0.188590769231 546.0 -98.26708 -102.97056
2279 0.0311120726496 0.0424279487179 468.0 -14.56045 -19.85628
2184 0.0438497619048 0.0626813095238 420.0 18.4169 26.32615
2027 0.0729439790576 0.10937486911 382.0 -27.8646 -41.7812
2510 0.161366165414 0.169158646617 399.0 64.3851 67.4943
2077 2.77207392197e-05 0.00518501026694 487.0 -0.0135 2.5251
2288 0.0439900917431 0.0563234174312 436.0 19.17968 24.55701
2097 0.104527506427 0.148776709512 389.0 40.6612 57.87414
2499 0.0393109640832 0.0498296786389 529.0 -20.7955 -26.3599
2390 0.10901870229 0.136887156489 524.0 -57.1258 -71.72887
2455 0.058743814433 0.0872208762887 388.0 22.7926 33.8417
2215 0.354493766938 0.368699457995 369.0 130.8082 136.0501
2430 0.000319230769231 0.00782863247863 468.0 -0.1494 3.6638
