2496 0.0397693002257 0.192592099323 443.0 -17.6178 -85.3183
2465 0.160210359408 0.176445665962 473.0 75.7795 83.4588
2211 0.524723469388 0.539690782313 294.0 154.2687 158.66909
2404 0.0352471655329 0.0464362811791 441.0 -15.544 -20.4784
2422 0.105811904762 0.119302014652 546.0 -57.7733 -65.1389
2279 0.0142613247863 0.0222993803419 468.0 -6.6743 -10.43611
2184 0.18691952381 0.239495714286 420.0 -78.5062 -100.5882
2027 0.126164921466 0.13382591623 382.0 48.195 51.1215
2510 0.00383609022556 0.105962406015 399.0 1.5306 -42.279
2077 0.0740086057495 0.0898851334702 487.0 -36.042191 -43.77406
2288 0.0119737844037 0.0247596330275 436.0 5.22057 -10.7952
2097 0.0300275064267 0.16275403599 389.0 -11.6807 63.31132
2499 0.00232684310019 0.0224759924386 529.0 -1.2309 -11.8898
2390 0.00823530534351 0.0276236641221 524.0 -4.3153 -14.4748
2455 0.0275149484536 0.0644971649485 388.0 10.6758 25.0249
2215 0.49701300813 0.573576693767 369.0 183.3978 211.6498
2430 0.0787594017094 0.0939010683761 468.0 -36.8594 -43.9457
