2307 0.0447430677966 0.0475463220339 590.0 -26.39841 -28.05233
2436 0.108225332278 0.110820063291 632.0 -68.39841 -70.03828
2439 0.158888239669 0.161077458678 484.0 76.901908 77.96149
2440 0.257628493274 0.259980336323 446.0 114.902308 115.95123
2189 0.126199085271 0.12853275969 645.0 -81.39841 -82.90363
2446 0.209534375877 0.211639326788 713.0 -149.39801 -150.89884
2070 0.0382225426621 0.0408869453925 586.0 -22.39841 -23.95975
2199 0.216706958785 0.218974251627 461.0 99.901908 100.94713
2345 0.108225332278 0.110666439873 632.0 -68.39841 -69.94119
2463 0.1613065625 0.163614627976 672.0 -108.39801 -109.94903
2337 0.201696898017 0.203747082153 706.0 -142.39801 -143.84544
2467 0.38494397037 0.388345506173 405.0 155.902308 157.27993
2085 0.274777972727 0.277575977273 440.0 120.902308 122.13343
2217 0.038707237037 0.0407520555556 540.0 20.901908 22.00611
2474 0.901363755932 0.905036474576 295.0 265.902308 266.98576
2347 0.119564686627 0.121871337325 501.0 59.901908 61.05754
2093 0.349940034602 0.351720911188 867.0 -303.39801 -304.94203
2355 0.0745247279693 0.0766583716475 522.0 38.901908 40.01567
2357 0.166116232848 0.168492702703 481.0 79.901908 81.04499
2359 0.316672084507 0.319910633803 426.0 134.902308 136.28193
2233 0.391817141439 0.394921563275 403.0 157.902308 159.15339
2234 0.106812060222 0.109397543582 631.0 -67.39841 -69.02985
2079 0.163696904564 0.166163298755 482.0 78.901908 80.09071
2372 0.038707237037 0.0407406111111 540.0 20.901908 21.99993
2126 0.171173544118 0.173468264706 680.0 -116.39801 -117.95842
2387 0.227357347921 0.229470743982 457.0 103.902308 104.86813
2517 0.127551718266 0.129870541796 646.0 -82.39841 -83.89637
2262 0.0272928717949 0.0292463919414 546.0 14.901908 15.96853
2520 0.136904150077 0.139302741194 653.0 -89.39841 -90.96469
2148 0.147038666667 0.149320797546 489.0 71.901908 73.01787
2266 0.251524581673 0.253593984064 753.0 -189.39801 -190.95627
2395 0.201074749465 0.203637987152 467.0 93.901908 95.09894
2269 0.479953319261 0.48286701847 379.0 181.902308 183.0066
2144 0.212846382682 0.21512603352 716.0 -152.39801 -154.03024
2401 0.558061966667 0.561107722222 360.0 200.902308 201.99878
2491 0.112438440945 0.11499688189 635.0 -71.39841 -73.02302
2276 0.0523487954972 0.0543944840525 533.0 27.901908 28.99226
2292 0.0179708856624 0.0200818693285 551.0 9.901958 11.06511
2153 0.257628493274 0.259945941704 446.0 114.902308 115.93589
2036 0.135580383436 0.137944447853 652.0 -88.39841 -89.93978
2421 0.210641470588 0.212957885154 714.0 -150.39801 -152.05193
2039 0.0463594077834 0.0489156175973 591.0 -27.39841 -28.90913
2168 0.166116232848 0.168460748441 481.0 79.901908 81.02962
2426 0.358116968523 0.361584891041 413.0 147.902308 149.33456
2299 1.22580280952 1.23041698413 252.0 308.902308 310.06508
2431 1.9577540107e-05 0.00168243672014 561.0 -0.010983 0.943847
