2304 0.66246019656 0.692929484029 407.0 -269.6213 -282.0223
2178 0.173468894602 0.18790874036 389.0 -67.4794 -73.0965
2442 0.04896975 0.0669875 400.0 -19.5879 -26.795
2192 0.185713023256 0.205592232558 430.0 -79.8566 -88.40466
2193 0.00821850649351 0.0272064935065 308.0 -2.5313 -8.3796
2336 0.370311 0.382352333333 300.0 111.0933 114.7057
2246 0.195957807309 0.223605647841 301.0 -58.9833 -67.3053
2483 0.79865375 0.840494583333 240.0 191.6769 201.7187
2363 0.521366759777 0.548165642458 358.0 -186.6493 -196.2433
2236 0.0871459610028 0.0984245125348 359.0 31.2854 35.3344
2374 0.144127604938 0.176618518519 405.0 -58.37168 -71.5305
2250 0.460816624041 0.567560869565 391.0 -180.1793 -221.9163
2380 0.0227719526627 0.0751065088757 338.0 7.69692 25.386
2382 0.183131226766 0.255640520446 269.0 -49.2623 -68.7673
2386 0.0166286885246 0.0315412568306 366.0 6.0861 11.5441
2143 3.20334261838e-05 0.0118211699164 359.0 0.0115 4.2438
2402 0.101902445652 0.112258695652 368.0 37.5001 41.3112
2282 0.0558098701299 0.0713828571429 385.0 -21.4868 -27.4824
2155 0.0832778606965 0.0919258706468 402.0 33.4777 36.9542
2159 0.0442030434783 0.0599222826087 368.0 -16.26672 -22.0514
2161 0.0832354622093 0.0991668575581 344.0 28.632999 34.113399
2038 0.272362603878 0.290954570637 361.0 -98.3229 -105.0346
2423 0.196567610063 0.214798742138 318.0 62.5085 68.306
2175 0.00295473251029 0.0451646090535 243.0 -0.718 -10.975
