2310 0.191406333973 0.225938579655 521.0 -99.7227 -117.714
2061 0.261101127214 0.26862979066 621.0 -162.1438 -166.8191
2196 0.0193400335008 0.0370452261307 597.0 -11.546 -22.116
2075 0.398489797101 0.407753623188 345.0 137.47898 140.675
2462 0.226386997389 0.233244386423 383.0 86.70622 89.3326
2214 9.77272727273e-05 0.00324340909091 440.0 -0.043 -1.4271
2095 0.0957178637201 0.115690239411 543.0 51.9748 62.8198
2484 0.0511943801653 0.0533096694215 484.0 -24.77808 -25.80188
2485 0.560950549451 0.585359340659 364.0 204.186 213.0708
2494 0.308793729904 0.32044244373 622.0 -192.0697 -199.3152
2239 0.398275409836 0.431067213115 610.0 -242.948 -262.951
2112 0.0198442307692 0.0651477272727 572.0 -11.3509 -37.2645
2254 0.0226821670429 0.0395733634312 443.0 -10.0482 -17.531
2512 0.152587657431 0.163626952141 397.0 60.5773 64.9599
2132 0.1162109375 0.13373203125 512.0 -59.5 -68.4708
2133 0.154889378238 0.159852331606 386.0 59.7873 61.703
2519 0.00264739336493 0.00507748815166 422.0 1.1172 2.1427
2392 0.104844420601 0.125017596567 466.0 48.8575 58.2582
2397 0.287967493113 0.295496556474 363.0 104.5322 107.26525
2398 0.1076 0.131474045802 393.0 42.2868 51.6693
2277 0.0618250442478 0.0728310176991 452.0 27.94492 32.91962
2145 0.0461827848101 0.0469339240506 395.0 18.2422 18.5389
2149 0.5064275 0.51956034375 320.0 162.0568 166.25931
2025 0.200684662577 0.204607361963 489.0 -98.1348 -100.053
2414 0.0713004301075 0.0759686021505 465.0 -33.1547 -35.3254
2162 0.00354559819413 0.00343972911964 443.0 1.5707 1.5238
2420 0.0505295041322 0.0797266115702 484.0 -24.45628 -38.58768
2166 0.213603162055 0.241171541502 506.0 -108.0832 -122.0328
2040 0.0397258252427 0.0883955339806 515.0 20.4588 45.5237
2298 0.166139629005 0.178886913997 593.0 -98.5208 -106.07994
2428 0.190288341969 0.20000984456 386.0 73.4513 77.2038
