2310 0.0160857965451 0.0235458733205 521.0 -8.3807 -12.2674
2061 0.113538808374 0.119706280193 621.0 -70.5076 -74.3376
2196 0.164498157454 0.16975879397 597.0 -98.2054 -101.346
2075 0.481862608696 0.49006057971 345.0 166.2426 169.0709
2462 0.34982767624 0.356484073107 383.0 133.984 136.5334
2214 0.0975097954545 0.120783181818 440.0 42.90431 53.1446
2095 0.0442699815838 0.0527755064457 543.0 -24.0386 -28.6571
2484 0.0643469421488 0.0691277272727 484.0 31.14392 33.45782
2485 0.320629010989 0.329116291209 364.0 116.70896 119.79833
2494 0.374045659164 0.379477813505 622.0 -232.6564 -236.0352
2239 0.403968852459 0.412452459016 610.0 -246.421 -251.596
2112 0.0255781468531 0.0336012237762 572.0 -14.6307 -19.2199
2254 0.299052370203 0.307327765237 443.0 -132.4802 -136.1462
2512 0.313252141058 0.319260453401 397.0 124.3611 126.7464
2132 0.239020507813 0.244523828125 512.0 -122.3785 -125.1962
2133 0.0450601036269 0.0572362694301 386.0 -17.3932 -22.0932
2519 0.00758341232227 0.0119208530806 422.0 -3.2002 -5.0306
2392 0.094486695279 0.0974899141631 466.0 -44.0308 -45.4303
2397 0.179343801653 0.190434710744 363.0 65.1018 69.1278
2398 0.24902697201 0.254607888041 393.0 97.8676 100.0609
2277 0.072827699115 0.0807420353982 452.0 32.91812 36.4954
2145 0.0359794936709 0.0495827848101 395.0 -14.2119 -19.5852
2149 0.414868125 0.435836875 320.0 132.7578 139.4678
2025 0.24743803681 0.252235582822 489.0 -120.9972 -123.3432
2414 0.0108892258065 0.0171718924731 465.0 5.06349 7.98493
2162 0.0433634311512 0.0572108352144 443.0 -19.21 -25.3444
2420 0.10131214876 0.113381363636 484.0 -49.03508 -54.87658
2166 0.161996640316 0.173653359684 506.0 -81.9703 -87.8686
2040 0.0116580582524 0.0177075728155 515.0 6.0039 9.1194
2298 0.243675042159 0.251791399663 593.0 -144.4993 -149.3123
2428 0.249936036269 0.255368108808 386.0 96.47531 98.57209
