2048 0.227015588235 0.343688235294 340.0 77.1853 116.854
2445 0.32163180778 0.336386956522 437.0 140.5531 147.0011
2324 0.0153988636364 0.02724 440.0 -6.7755 -11.9856
2078 0.0876628712871 0.100531188119 404.0 -35.4158 -40.6146
2473 0.000266159695817 0.00791064638783 526.0 -0.14 -4.161
2346 0.144710381356 0.181516313559 472.0 -68.3033 -85.6757
2091 0.303999212598 0.327469094488 508.0 -154.4316 -166.3543
2221 0.0453620854271 0.057193718593 398.0 -18.05411 -22.7631
2352 0.179495989305 0.232739037433 374.0 67.1315 87.0444
2098 0.00957527173913 0.0494660869565 368.0 3.5237 18.20352
2366 0.0319504615385 0.0949821538462 325.0 10.3839 30.8692
2368 0.0675323404255 0.0913291489362 470.0 -31.7402 -42.9247
2243 0.000127485380117 0.0109564327485 342.0 0.0436 3.7471
2116 0.00453314285714 0.0465351428571 350.0 -1.5866 16.2873
2503 2.13134553571 2.40731508929 112.0 238.7107 269.61929
2253 0.193930424528 0.229323113208 424.0 -82.2265 -97.233
2129 0.350396803069 0.370422378517 391.0 137.00515 144.83515
2260 6.41732283465e-05 0.0153625984252 381.0 -0.02445 -5.85315
2525 0.1230755 0.1497625 400.0 49.2302 59.905
2274 0.00835396475771 0.0183486784141 454.0 -3.7927 -8.3303
2284 0.016506746988 0.044445060241 415.0 6.8503 18.4447
2033 0.45743362256 0.573192841649 461.0 -210.8769 -264.2419
2424 0.0613367105263 0.0839046052632 380.0 23.30795 31.88375
