2339 0.0910050607287 0.0931892712551 494.0 44.9565 46.0355
2358 0.0784515599343 0.0860459770115 609.0 -47.777 -52.402
2376 0.0133368995633 0.055372489083 458.0 -6.1083 25.3606
2185 0.19726938326 0.201075770925 454.0 -89.5603 -91.2884
2187 0.533093536122 0.633124714829 263.0 140.2036 166.5118
2287 0.197069659443 0.201229102167 646.0 -127.307 -129.994
2096 0.207542672897 0.242879757009 535.0 -111.03533 -129.94067
2088 0.586577843137 0.599192156863 255.0 149.57735 152.794
2139 0.206092677346 0.210010297483 437.0 90.0625 91.7745
2147 0.109482704403 0.118756289308 318.0 -34.8155 -37.7645
2164 0.163215690867 0.170459016393 427.0 -69.6931 -72.786
2101 0.300102352941 0.305347058824 425.0 127.5435 129.7725
2454 0.529403007519 0.539525864662 266.0 140.8212 143.51388
2232 0.146371645022 0.159591125541 462.0 -67.6237 -73.7311
2393 0.159064307692 0.203314153846 325.0 51.6959 66.0771
2074 0.519900840336 0.552604621849 238.0 123.7364 131.5199
2479 0.150689438202 0.156717752809 445.0 -67.0568 -69.7394
2301 0.410759677419 0.439406129032 310.0 127.3355 136.2159
2303 0.549711041009 0.561084542587 317.0 174.2584 177.8638
