2306 0.0445987169811 0.0710873315364 371.0 16.546124 26.3734
2065 0.0476826086957 0.117039130435 299.0 14.2571 34.9947
2452 0.000377850877193 0.014675877193 456.0 0.1723 -6.6922
2325 0.000838095238095 0.016969047619 336.0 0.2816 5.7016
2326 0.433880590717 0.501581434599 237.0 102.8297 118.8748
2464 0.157762331288 0.174632423313 326.0 51.43052 56.93017
2081 0.109088409704 0.162126954178 371.0 -40.4718 -60.1491
2338 0.0972812680115 0.11650604611 347.0 33.7566 40.427598
2222 0.228532571429 0.255044 350.0 -79.9864 -89.2654
2354 0.0603573964497 0.154179970414 338.0 20.4008 52.11283
2490 0.189988962472 0.214044370861 453.0 -86.065 -96.9621
2108 0.0013852494577 0.0200154013015 461.0 -0.6386 -9.2271
2493 0.233526829268 0.256275609756 287.0 67.0222 73.5511
2495 0.0473091127098 0.10183501199 417.0 19.7279 42.4652
2240 0.249706930693 0.27262029703 404.0 100.8816 110.1386
2502 0.302563697479 0.312972941176 595.0 -180.0254 -186.2189
2378 0.0228208436725 0.0458076923077 403.0 9.1968 18.4605
2123 0.328277522936 0.352333486239 436.0 -143.129 -153.6174
2124 0.0688649546828 0.104980362538 331.0 22.7943 34.7485
2125 0.158535181237 0.16978750533 469.0 -74.353 -79.63034
2514 0.0503167418546 0.0778007518797 399.0 -20.07638 -31.0425
2515 0.294318266254 0.306680495356 323.0 95.0648 99.0578
2261 0.183815419355 0.208840860215 465.0 -85.47417 -97.111
2521 0.218376330275 0.229769724771 545.0 -119.0151 -125.2245
2170 0.283266304348 0.330404710145 276.0 78.1815 91.1917
2400 0.0235103296703 0.0418962637363 455.0 -10.6972 -19.0628
2403 0.0806645259939 0.109800611621 327.0 26.3773 35.9048
2406 0.453637919463 0.499062080537 298.0 135.1841 148.7205
2289 0.147168821293 0.181588212928 263.0 38.7054 47.7577
2165 0.214807594937 0.250890506329 474.0 -101.8188 -118.9221
2042 0.0641088957055 0.0955070552147 326.0 20.8995 31.1353
2069 0.038135012987 0.0653908571429 385.0 14.68198 25.17548
