2340 0.244626748252 0.250394405594 572.0 -139.9265 -143.2256
2245 0.0497822344322 0.0550265567766 546.0 27.1811 30.0445
2055 0.542641463415 0.559541463415 410.0 222.483 229.412
2152 0.011137527115 0.0382173535792 461.0 5.1344 17.6182
2300 0.166719517103 0.172292957746 497.0 -82.8596 -85.6296
2317 0.181824394464 0.188974394464 578.0 -105.0945 -109.2272
2320 0.0853342013889 0.0895588541667 576.0 49.1525 51.5859
2322 8.57651245552e-05 0.00376441281139 562.0 -0.0482 -2.1156
2293 0.177215354331 0.190829527559 508.0 90.0254 96.9414
2198 0.0881370138889 0.0964817708333 576.0 -50.76692 -55.5735
2364 0.00104870848708 0.0137328413284 542.0 -0.5684 -7.4432
2072 0.064718641115 0.0734771777003 574.0 37.1485 42.1759
2265 0.157514134276 0.163820141343 566.0 -89.153 -92.7222
2268 0.162728052805 0.171011881188 606.0 -98.6132 -103.6332
2461 0.0920761384335 0.106237522769 549.0 -50.5498 -58.3244
2117 0.0778724806202 0.0898234496124 516.0 -40.1822 -46.3489
2053 0.144324355972 0.149880093677 427.0 61.6265 63.9988
