2339 0.109553441296 0.116010728745 494.0 -54.1194 -57.3093
2358 0.181214778325 0.192261740558 609.0 -110.3598 -117.0874
2376 0.0164945414847 0.0670903930131 458.0 7.5545 30.7274
2185 0.12942246696 0.18449030837 454.0 -58.7578 -83.7586
2187 0.525716730038 0.552030874525 263.0 138.2635 145.18412
2287 0.269642569659 0.282580804954 646.0 -174.1891 -182.5472
2096 0.174494205607 0.183911028037 535.0 -93.3544 -98.3924
2088 0.967159215686 0.995710588235 255.0 246.6256 253.9062
2139 0.191696796339 0.215312356979 437.0 83.7715 94.0915
2147 0.283703742138 0.352498427673 318.0 90.21779 112.0945
2164 0.0646257611241 0.0887519906323 427.0 27.5952 37.8971
2101 0.451876470588 0.469537647059 425.0 192.0475 199.5535
2454 0.145214285714 0.166240601504 266.0 38.627 44.22
2232 0.292862987013 0.305064069264 462.0 -135.3027 -140.9396
2393 0.000615384615385 0.0492636923077 325.0 0.2 16.0107
2074 0.477646218487 0.545354621849 238.0 113.6798 129.7944
2479 0.153536404494 0.173591685393 445.0 -68.3237 -77.2483
2301 0.314203516129 0.378832258065 310.0 97.40309 117.438
2303 0.253601577287 0.312397728707 317.0 80.3917 99.03008
