2177 0.165764781491 0.177278920308 778.0 -128.965 -137.923
2308 0.0727433894737 0.110354947368 475.0 34.55311 52.4186
2056 0.00254073170732 0.0227765853659 410.0 1.0417 9.3384
2062 0.248711286089 0.272502624672 381.0 94.759 103.8235
2448 0.0489874004193 0.0653644863732 477.0 23.36699 31.17886
2066 0.274806801471 0.303192830882 544.0 -149.4949 -164.9369
2451 0.10775860835 0.148511093439 503.0 -54.20258 -74.70108
2453 0.0479743859649 0.0774422807018 570.0 27.3454 44.1421
2203 0.250196558704 0.262688461538 494.0 123.5971 129.7681
2205 0.226937719298 0.249339692982 456.0 103.4836 113.6989
2082 0.289159505703 0.321961787072 526.0 -152.0979 -169.3519
2083 0.117802509804 0.14360172549 510.0 -60.07928 -73.23688
2212 0.258641721854 0.282730022075 453.0 117.1647 128.0767
2341 0.138848109162 0.202790409357 513.0 -71.22908 -104.03148
2350 0.177830486009 0.1937634757 679.0 -120.7469 -131.5654
2504 0.0710892703863 0.0958680257511 466.0 -33.1276 -44.6745
2099 0.0291512244898 0.0788653061224 490.0 -14.2841 38.644
2230 0.0587888646288 0.0846548034934 458.0 -26.9253 -38.7719
2109 0.247157483731 0.26274164859 461.0 113.9396 121.1239
2242 0.00252618595825 0.0346863377609 527.0 1.3313 18.2797
2120 0.000246786632391 0.0433367609254 389.0 0.096 -16.858
2323 0.103554738878 0.130929787234 517.0 -53.5378 -67.6907
2425 0.536300265957 0.587707712766 376.0 201.6489 220.9781
2173 0.0484955719557 0.0691734317343 542.0 26.2846 37.492
2197 0.0224515669516 0.039886039886 702.0 15.761 28.0
