2210 0.303645232274 0.347354767726 409.0 -124.1909 -142.0681
2371 0.0152299232737 0.0212079283887 391.0 5.9549 8.2923
2102 0.139023218391 0.161197241379 435.0 -60.4751 -70.1208
2407 0.555874702194 0.60747031348 319.0 -177.32403 -193.78303
2344 1.37675609756 1.7169097561 82.0 112.894 140.7866
2313 0.139514204545 0.154885511364 352.0 49.109 54.5197
2475 2.08955223881e-05 0.00818656716418 335.0 0.007 -2.7425
2418 0.0215421828909 0.0479878171091 339.0 -7.3028 -16.26787
2286 0.76243620178 0.827267062315 337.0 -256.941 -278.789
2063 0.294368957655 0.314493713355 307.0 90.37127 96.54957
2321 0.10482 0.168848636364 440.0 -46.1208 -74.2934
2130 0.762742857143 0.821276190476 105.0 -80.088 -86.234
2134 0.375898595506 0.391661516854 356.0 -133.8199 -139.4315
2413 1.38906854839 1.58816193548 124.0 172.2445 196.93208
2296 0.185625806452 0.197185955335 403.0 -74.8072 -79.46594
2169 0.232111111111 0.254414814815 135.0 -31.335 -34.346
2509 0.0933872062663 0.121405221932 383.0 -35.7673 -46.4982
2127 0.155582303371 0.207786235955 356.0 -55.3873 -73.9719
2469 0.262736141907 0.286840354767 451.0 118.494 129.365
