2339 1.57894736842e-05 0.00162449392713 494.0 -0.0078 0.8025
2358 0.0983924466338 0.113870279146 609.0 -59.921 -69.347
2376 9.80349344978e-05 0.000337336244541 458.0 0.0449 -0.1545
2185 0.234157488987 0.290920264317 454.0 -106.3075 -132.0778
2187 0.192068441065 0.220690494297 263.0 50.514 58.0416
2287 0.152472136223 0.15883126935 646.0 -98.497 -102.605
2096 0.259830280374 0.278139439252 535.0 -139.0092 -148.8046
2088 0.180584313725 0.199592156863 255.0 46.049 50.896
2139 0.19064187643 0.198856979405 437.0 83.3105 86.9005
2147 0.270249685535 0.295394465409 318.0 85.9394 93.93544
2164 0.277764637002 0.295839578454 427.0 -118.6055 -126.3235
2101 0.143998588235 0.159410117647 425.0 61.1994 67.7493
2454 0.187991353383 0.206356766917 266.0 50.0057 54.8909
2232 0.00272619047619 0.0184123376623 462.0 -1.2595 -8.5065
2393 0.0225369230769 0.0537215384615 325.0 -7.3245 -17.4595
2074 0.717096470588 0.74271457563 238.0 170.66896 176.766069
2479 0.239351910112 0.259534606742 445.0 -106.5116 -115.4929
2301 0.271469354839 0.331950935484 310.0 84.1555 102.90479
2303 0.0391429022082 0.203931861199 317.0 12.4083 64.6464
