2432 0.0582100377358 0.0610829919137 371.0 -21.595924 -22.66179
2092 0.0512340181269 0.0523598187311 331.0 16.95846 17.3311
2059 0.284008245902 0.286083053279 488.0 -138.596024 -139.60853
2060 0.0607417311828 0.0634922311828 372.0 -22.595924 -23.61911
2114 0.0707338404255 0.0736615425532 376.0 -26.595924 -27.69674
2331 0.115432718987 0.118192177215 395.0 -45.595924 -46.68591
2468 0.170061577197 0.172682589074 421.0 -71.595924 -72.69937
2087 0.0829289343832 0.0854122309711 381.0 -31.595924 -32.54206
2472 0.0267296211699 0.0297400278552 359.0 -9.595934 -10.67667
2396 0.149868428224 0.152391192214 411.0 -61.595924 -62.63278
2348 0.0673572392638 0.0684008588957 326.0 21.95846 22.29868
2226 0.014456122449 0.0155100291545 343.0 4.95845 5.31994
2492 4.11703470588 4.12220029412 68.0 279.95836 280.30962
2498 0.0204060117302 0.0215813782991 341.0 6.95845 7.35925
2188 3.40453620253 3.40958202532 79.0 268.95836 269.35698
2379 0.322860511628 0.324986821705 516.0 -166.596024 -167.6932
2513 1.24489264516 1.24783935484 155.0 192.95836 193.4151
2516 0.0185279044944 0.0214206460674 356.0 -6.595934 -7.62575
2264 0.0264261356932 0.0276695870206 339.0 8.95846 9.37999
2522 0.0607417311828 0.0636539516129 372.0 -22.595924 -23.67927
2267 0.351755146568 0.35370406308 539.0 -189.596024 -190.64649
2140 3.19226939759 3.19668108434 83.0 264.95836 265.32453
2270 2.5505955102 2.55491571429 98.0 249.95836 250.38174
2399 0.308110938614 0.310153069307 505.0 -155.596024 -156.6273
2411 0.255002183369 0.257230575693 469.0 -119.596024 -120.64114
2412 0.0185279044944 0.0214586797753 356.0 -6.595934 -7.63929
2416 0.00454682051282 0.00758222222222 351.0 -1.595934 -2.66136
2417 0.139398827586 0.142120049261 406.0 -56.595924 -57.70074
2294 0.2200801875 0.222474866071 448.0 -98.595924 -99.66874
