2177 0.342407095116 0.343262699229 778.0 -266.39272 -267.05838
2308 0.0701108842105 0.0759364 475.0 33.30267 36.06979
2056 0.239762609756 0.246413853659 410.0 98.30267 101.02968
2062 0.334127480315 0.341009028871 381.0 127.30257 129.92444
2448 0.0656240461216 0.0715820545073 477.0 31.30267 34.14464
2066 0.0595452573529 0.0606243198529 544.0 -32.39262 -32.97963
2451 0.0105421272366 0.0160657256461 503.0 5.30269 8.08106
2453 0.102443192982 0.103586824561 570.0 -58.39262 -59.04449
2203 0.0289527732794 0.034357611336 494.0 14.30267 16.97266
2205 0.114698837719 0.120772324561 456.0 52.30267 55.07218
2082 0.0273623954373 0.0289960076046 526.0 -14.39262 -15.2519
2083 5.61176470588e-05 0.0018721372549 510.0 -0.02862 0.95479
2212 0.122080949227 0.128107880795 453.0 55.30267 58.03287
2341 0.00271461988304 0.00385167641326 513.0 -1.3926 -1.97591
2350 0.246528306333 0.247480471281 679.0 -167.39272 -168.03924
2504 0.0907782618026 0.0969116523605 466.0 42.30267 45.16083
2099 0.0373523877551 0.0429493469388 490.0 18.30267 21.04518
2230 0.109831157205 0.115813842795 458.0 50.30267 53.04274
2109 0.102608828633 0.108839197397 461.0 47.30267 50.17487
2242 0.0292080075901 0.0300411954459 527.0 -15.39262 -15.83171
2120 0.306690411311 0.313487789203 389.0 119.30257 121.94675
2323 0.0104305996132 0.0113946034816 517.0 -5.39262 -5.89101
2425 0.351868537234 0.359333643617 376.0 132.30257 135.10945
2173 0.0560749446494 0.0573018819188 542.0 -30.39262 -31.05762
2197 0.271214700855 0.272647293447 702.0 -190.39272 -191.3984
