2177 0.157607969152 0.200118251928 778.0 -122.619 -155.692
2308 0.0642645284211 0.0800728 475.0 30.525651 38.03458
2056 0.145371219512 0.18889 410.0 59.6022 77.4449
2062 0.290442519685 0.313768818898 381.0 110.6586 119.54592
2448 0.000131656184486 0.00827651991614 477.0 0.0628 -3.9479
2066 0.0165202205882 0.0280444852941 544.0 8.987 15.2562
2451 0.0305026242545 0.0534879125249 503.0 15.34282 26.90442
2453 0.044629122807 0.116910701754 570.0 25.4386 66.6391
2203 0.215674089069 0.244959716599 494.0 106.543 121.0101
2205 0.000273903508772 0.0394660087719 456.0 0.1249 -17.9965
2082 0.000749429657795 0.00536368821293 526.0 0.3942 2.8213
2083 0.157914470588 0.213421333333 510.0 -80.53638 -108.84488
2212 0.307882560706 0.358265121413 453.0 139.4708 162.2941
2341 0.329988070175 0.409108927875 513.0 -169.28388 -209.87288
2350 0.177492783505 0.183366715758 679.0 -120.5176 -124.506
2504 0.105599742489 0.120946566524 466.0 49.20948 56.3611
2099 0.120196122449 0.151813265306 490.0 -58.8961 -74.3885
2230 0.0469305676856 0.110931877729 458.0 -21.4942 -50.8068
2109 0.287193492408 0.310882212581 461.0 132.3962 143.3167
2242 0.172370398482 0.189637950664 527.0 -90.8392 -99.9392
2120 0.19903033419 0.265615167095 389.0 77.4228 103.3243
2323 2.90135396518e-05 0.00903849129594 517.0 0.015 4.6729
2425 0.44646462766 0.49499893617 376.0 167.8707 186.1196
2173 0.0231876383764 0.0467660516605 542.0 -12.5677 -25.3472
2197 0.200251709402 0.214974358974 702.0 -140.5767 -150.912
