2304 0.655971253071 0.680816461916 407.0 -266.9803 -277.0923
2178 0.113831849614 0.131533470437 389.0 -44.2805895 -51.16652
2442 0.00999375 0.01308575 400.0 3.9975 5.2343
2192 2.97674418605e-05 0.00280372093023 430.0 0.0128 -1.2056
2193 0.0210633116883 0.0374204545455 308.0 -6.4875 -11.5255
2336 0.491675666667 0.552305666667 300.0 147.5027 165.6917
2246 6.64451827243e-06 0.0399930232558 301.0 -0.002 -12.0379
2483 0.443113041667 0.514882916667 240.0 106.34713 123.5719
2363 0.185060614525 0.195843575419 358.0 -66.2517 -70.112
2236 0.195190807799 0.207096935933 359.0 -70.0735 -74.3478
2374 0.138976691358 0.154169555556 405.0 -56.28556 -62.43867
2250 0.256534526854 0.269850639386 391.0 -100.305 -105.5116
2380 0.197355325444 0.203490828402 338.0 66.7061 68.7799
2382 0.000224535315985 0.0132639405204 269.0 0.0604 -3.568
2386 0.0439208743169 0.0991838797814 366.0 -16.07504 -36.3013
2143 0.0802660167131 0.102328969359 359.0 -28.8155 -36.7361
2402 0.0817029891304 0.12240951087 368.0 30.0667 45.0467
2282 0.214113766234 0.237156883117 385.0 -82.4338 -91.3054
2155 0.046981840796 0.059968159204 402.0 18.8867 24.1072
2159 0.0948010869565 0.104115217391 368.0 34.8868 38.3144
2161 0.0282904331395 0.0416610436047 344.0 9.731909 14.331399
2038 0.000108310249307 0.00739667590028 361.0 0.0391 -2.6702
2423 0.530892138365 0.536605974843 318.0 168.8237 170.6407
2175 0.18056090535 0.198794238683 243.0 43.8763 48.307
