2432 0.282975471698 0.299820485175 371.0 -104.9839 -111.2334
2092 0.002083081571 0.0264755287009 331.0 0.6895 8.7634
2059 0.176062704918 0.184324180328 488.0 -85.9186 -89.9502
2060 0.165937365591 0.198897311828 372.0 61.7287 73.9898
2114 0.0684686170213 0.082370212766 376.0 25.7442 30.9712
2331 0.0941047088608 0.124081139241 395.0 -37.17136 -49.01205
2468 0.0190197149644 0.0306874109264 421.0 -8.0073 -12.9194
2087 0.0675285564304 0.0781718897638 381.0 -25.72838 -29.78349
2472 0.00239796657382 0.00918270194986 359.0 0.86087 3.29659
2396 0.0242919708029 0.0358924574209 411.0 -9.984 -14.7518
2348 0.201739877301 0.208779447853 326.0 65.7672 68.0621
2226 0.0283102332362 0.0551431778426 343.0 -9.71041 -18.91411
2492 1.13992647059 1.22169117647 68.0 77.515 83.075
2498 0.0749466568915 0.088678914956 341.0 -25.55681 -30.23951
2188 3.8158443038 3.87513037975 79.0 301.4517 306.1353
2379 0.332535155039 0.347693217054 516.0 -171.58814 -179.4097
2513 1.22137864516 1.29097574194 155.0 189.31369 200.10124
2516 0.0183317134831 0.043779747191 356.0 6.52609 15.58559
2264 0.157204424779 0.176554867257 339.0 53.2923 59.8521
2522 0.114567741935 0.122959408602 372.0 42.6192 45.7409
2267 0.44737012987 0.456474953618 539.0 -241.1325 -246.04
2140 0.396024096386 0.497361445783 83.0 32.87 41.281
2270 0.575795918367 0.652857142857 98.0 56.428 63.98
2399 0.0937702970297 0.105033663366 505.0 -47.354 -53.042
2411 0.100970362473 0.117573560768 469.0 -47.3551 -55.142
2412 0.0531555898876 0.0719626123596 356.0 18.92339 25.61869
2416 0.0179138746439 0.0294219088319 351.0 6.28777 10.32709
2417 9.85221674875e-07 0.00247216748768 406.0 -0.000399999999999 1.0037
2294 0.0557116071429 0.0722613839286 448.0 -24.9588 -32.3731
