2305 0.494405351171 0.508235451505 598.0 -295.6544 -303.9248
2434 0.0289373417722 0.0408185654008 474.0 -13.7163 -19.348
2410 0.154721412301 0.179343280182 439.0 67.9227 78.7317
2181 0.0658973033708 0.0748703370787 445.0 29.3243 33.3173
2182 0.000977337110482 0.0186450424929 353.0 -0.345 6.5817
2311 0.227201308901 0.235098429319 382.0 -86.7909 -89.8076
2312 0.157216322314 0.166497933884 484.0 -76.0927 -80.585
2443 0.175403380282 0.190031830986 355.0 -62.2682 -67.4613
2447 0.894361946903 0.904462241888 339.0 303.1887 306.6127
2064 0.222176893204 0.233917029126 515.0 -114.4211 -120.46727
2450 0.27510892562 0.288691239669 605.0 -166.4409 -174.6582
2195 0.242058246347 0.252399373695 479.0 -115.9459 -120.8993
2068 0.357678611111 0.367023055556 360.0 -128.7643 -132.1283
2327 0.0713783105023 0.0872036757991 438.0 -31.2637 -38.19521
2329 0.377697302905 0.386385062241 482.0 -182.0501 -186.2376
2202 0.381187748344 0.394976821192 302.0 115.1187 119.283
2459 0.314665070423 0.322621690141 355.0 111.7061 114.5307
2076 0.0531208737864 0.0624640776699 412.0 21.8858 25.7352
2309 0.179426861702 0.200647074468 376.0 -67.4645 -75.4433
2208 0.47260845481 0.485401457726 343.0 162.1047 166.4927
2213 3.74918732394 3.79585211268 71.0 266.1923 269.5055
2216 0.613002046784 0.628452339181 342.0 209.6467 214.9307
2332 0.10894309 0.113273087819 353.0 38.45691077 39.9854
2349 0.221471471471 0.246560660661 333.0 73.75 82.1047
2224 0.125189863548 0.136299025341 513.0 -64.2224 -69.9214
2482 0.0624709821429 0.0857805803571 448.0 -27.987 -38.4297
2100 0.362457566766 0.377310089021 337.0 122.1482 127.1535
2104 0.376446875 0.3920965625 320.0 120.463 125.4709
2356 0.648339017341 0.655726300578 346.0 -224.3253 -226.8813
2362 0.443363924051 0.464443670886 316.0 140.103 146.7642
2365 0.0515265346535 0.0568261386139 505.0 -26.0209 -28.6972
2295 0.0320013186813 0.0476569230769 455.0 -14.5606 -21.6839
2367 0.0515163606138 0.0608209641944 391.0 -20.142897 -23.780997
2241 0.207612453608 0.220707835052 485.0 -100.69204 -107.0433
2119 0.170454712042 0.178976963351 382.0 -65.1137 -68.3692
2249 0.927937062937 0.973076923077 143.0 132.695 139.15
2506 0.0428344660194 0.051165776699 412.0 17.6478 21.0803
2507 0.595997610922 0.605470307167 293.0 174.6273 177.4028
2252 0.551965230769 0.562482153846 325.0 179.3887 182.8067
2385 0.214911621622 0.221168378378 370.0 -79.5173 -81.8323
2137 0.0773878787879 0.0853020979021 429.0 33.1994 36.5946
2191 0.135289244851 0.143794736842 437.0 -59.1214 -62.8383
2273 0.106876284916 0.121865921788 358.0 38.26171 43.628
2146 0.304915588235 0.346033235294 340.0 -103.6713 -117.6513
2228 0.0495252272727 0.0620136363636 440.0 -21.7911 -27.286
2021 0.0442309954751 0.054471719457 442.0 19.5501 24.0765
2278 2.08354079365 2.20330714286 126.0 262.52614 277.6167
2257 0.244946297468 0.271929113924 316.0 77.40303 85.9296
2437 0.165818639798 0.171074811083 397.0 -65.83 -67.9167
2409 0.202991435185 0.21975162037 432.0 -87.6923 -94.9327
2026 0.0702582582583 0.0826315315315 333.0 -23.396 -27.5163
2023 0.0414620689655 0.0537643678161 435.0 18.036 23.3875
2156 0.261704 0.27316075 400.0 -104.6816 -109.2643
2285 0.00185589622642 0.00813301886792 424.0 0.7869 3.4484
2369 0.110256575682 0.117706203474 403.0 44.4334 47.4356
2280 0.0342800443459 0.0386082039911 451.0 -15.4603 -17.4123
2034 0.032023782235 0.0486865329513 349.0 -11.1763 -16.9916
2067 0.269328023599 0.277191445428 339.0 91.3022 93.9679
2167 0.564487426901 0.573700877193 342.0 193.0547 196.2057
2154 0.210658747433 0.215210616016 487.0 -102.59081 -104.80757
