2340 0.0969248251748 0.127532867133 572.0 -55.441 -72.9488
2245 0.043243956044 0.0544946886447 546.0 23.6112 29.7541
2055 0.406302926829 0.452737804878 410.0 166.5842 185.6225
2152 0.0255468546638 0.0376724511931 461.0 11.7771 17.367
2300 0.00367042253521 0.0239969818913 497.0 -1.8242 -11.9265
2317 0.134347404844 0.154967647059 578.0 -77.6528 -89.5713
2320 0.183590972222 0.198981597222 576.0 105.7484 114.6134
2322 0.0079859430605 0.0216647686833 562.0 -4.4881 -12.1756
2293 0.231769094488 0.258498818898 508.0 117.7387 131.3174
2198 0.000538020833333 0.0102548611111 576.0 -0.3099 5.9068
2364 0.00902527675277 0.0216496309963 542.0 4.8917 11.7341
2072 0.0305949477352 0.0444771777003 574.0 -17.5615 -25.5299
2265 0.144077031802 0.163817491166 566.0 -81.5476 -92.7207
2268 0.196352475248 0.208352640264 606.0 -118.9896 -126.2617
2461 0.086185428051 0.24704298725 549.0 -47.3158 -135.6266
2117 0.0367335271318 0.0607358527132 516.0 -18.9545 -31.3397
2053 0.0169690866511 0.0826170960187 427.0 7.2458 35.2775
