2307 0.212344067797 0.228210847458 590.0 -125.283 -134.6444
2436 0.0346813291139 0.0538981012658 632.0 -21.9186 -34.0636
2439 0.184458264463 0.222185123967 484.0 89.2778 107.5376
2440 0.843520179372 0.896286995516 446.0 376.21 399.744
2189 0.135853596899 0.163005116279 645.0 -87.62557 -105.1383
2446 0.360016830295 0.379715287518 713.0 -256.692 -270.737
2070 3.8566552901e-05 0.00453344709898 586.0 0.0226 -2.6566
2199 0.122977006508 0.141872885033 461.0 -56.6924 -65.4034
2345 0.224637025316 0.24976835443 632.0 141.9706 157.8536
2463 0.299240178571 0.317183035714 672.0 -201.0894 -213.147
2337 0.153053399433 0.19222223796 706.0 -108.0557 -135.7089
2467 0.0903802469136 0.125116049383 405.0 36.604 50.672
2085 0.430031590909 0.455586136364 440.0 189.2139 200.4579
2217 0.0969424074074 0.172445555556 540.0 52.3489 93.1206
2474 0.461250847458 0.531277966102 295.0 136.069 156.727
2347 0.0350479041916 0.0479818363273 501.0 17.559 24.0389
2093 0.0885963091119 0.121709342561 867.0 -76.813 -105.522
2355 0.200685440613 0.230639655172 522.0 104.7578 120.3939
2357 0.344410810811 0.376196673597 481.0 165.6616 180.9506
2359 0.113958685446 0.162829107981 426.0 48.5464 69.3652
2233 7.19602977667e-05 0.035617866005 403.0 0.029 -14.354
2234 0.210188748019 0.230939936609 631.0 -132.6291 -145.7231
2079 0.308166390041 0.350428215768 482.0 148.5362 168.9064
2372 0.000619074074074 0.0599801851852 540.0 0.3343 32.3893
2126 0.132360882353 0.167416632353 680.0 -90.0054 -113.84331
2387 0.135798030635 0.162385995624 457.0 62.0597 74.2104
2517 0.179790402477 0.202147987616 646.0 116.1446 130.5876
2262 0.0921474358974 0.113365750916 546.0 -50.3125 -61.8977
2520 0.082445482389 0.10679525268 653.0 -53.8369 -69.7373
2148 0.396083026585 0.447888752556 489.0 193.6846 219.0176
2266 0.256606907039 0.273311155378 753.0 -193.225001 -205.8033
2395 0.230530835118 0.25290385439 467.0 107.6579 118.1061
2269 0.30910817942 0.330579419525 379.0 117.152 125.2896
2144 0.0558421787709 0.0827208100559 716.0 -39.983 -59.2281
2401 0.476078333333 0.565781388889 360.0 171.3882 203.6813
2491 0.0343937007874 0.0512718110236 635.0 21.84 32.5576
2276 0.0172318949343 0.0459986866792 533.0 -9.1846 -24.5173
2292 0.0506162431942 0.0707447368421 551.0 27.88955 38.98035
2153 0.252406434978 0.349022197309 446.0 112.57327 155.6639
2036 0.187656134969 0.239786042945 652.0 -122.3518 -156.3405
2421 0.251091036415 0.277319607843 714.0 -179.279 -198.0062
2039 0.0109891708968 0.0362602368866 591.0 6.4946 21.4298
2168 0.255077338877 0.297052598753 481.0 122.6922 142.8823
2426 0.216700242131 0.237399273608 413.0 89.4972 98.0459
2299 1.9058452381 2.10086904762 252.0 480.273 529.419
2431 0.0328332388592 0.0903029358289 561.0 18.419447 50.659947
