2049 0.655991103203 0.799740213523 281.0 184.3335 224.727
2057 0.0119114754098 0.0494726775956 366.0 -4.3596 -18.107
2190 0.0786779069767 0.12294127907 344.0 27.0652 42.2918
2478 0.230048292683 0.244468943089 615.0 -141.4797 -150.3484
2200 0.188017570499 0.20140867679 461.0 -86.6761 -92.8494
2207 0.0787292620865 0.108254961832 393.0 -30.9406 -42.5442
2466 0.15703106576 0.191915419501 441.0 69.2507 84.6347
2470 0.230568190855 0.252958846918 503.0 -115.9758 -127.2383
2094 0.199236122449 0.207246938776 490.0 -97.6257 -101.551
2223 0.000290064794816 0.019538012959 463.0 0.1343 -9.0461
2480 0.0960110526316 0.121619473684 380.0 -36.4842 -46.2154
2481 0.361143520782 0.512803667482 409.0 147.7077 209.7367
2035 0.00184640657084 0.0235030800821 487.0 -0.8992 11.446
2488 0.0446305954825 0.0701866529774 487.0 -21.7351 -34.1809
2489 0.178617826825 0.193374702886 589.0 -105.2059 -113.8977
2106 2.61698507463 2.8747761194 67.0 175.338 192.61
2235 0.134519444444 0.157389583333 432.0 58.1124 67.9923
2244 0.196449723757 0.214234622468 543.0 -106.6722 -116.3294
2501 0.260190405117 0.3014891258 469.0 -122.0293 -141.3984
2375 2.86967394231 3.03293173077 104.0 298.44609 315.4249
2248 0.0992889276139 0.167395442359 373.0 37.03477 62.4385
2419 0.866229756098 0.917387804878 205.0 177.5771 188.0645
2384 0.0220809579208 0.0272591509901 404.0 -8.920707 -11.012697
2105 0.000368075949367 0.0358736708861 395.0 -0.14539 -14.1701
2142 0.220800255102 0.272623214286 392.0 -86.5537 -106.8683
2272 0.37411744186 0.399157267442 344.0 128.6964 137.3101
2405 0.20179263658 0.228973159145 421.0 84.9547 96.3977
2151 0.0674342298289 0.0855430317848 409.0 -27.5806 -34.9871
2281 0.403475055679 0.431831403118 449.0 -181.1603 -193.8923
2163 0.17733253112 0.197660373444 482.0 -85.47428 -95.2723
2037 0.0192137313433 0.065312238806 335.0 6.4366 21.8796
2046 0.056454158215 0.0711918864097 493.0 -27.8319 -35.0976
