2050 0.89581147541 1.90637786885 122.0 109.289 232.5781
2179 0.100242315271 0.118838374384 406.0 -40.69838 -48.24838
2438 0.289066735537 0.303046694215 484.0 -139.9083 -146.6746
2183 0.0713133744856 0.0796557613169 486.0 -34.6583 -38.7127
2315 0.0501697122302 0.0603382973621 417.0 -20.92077 -25.16107
2194 0.160633443878 0.172711505102 392.0 62.96831 67.70291
2460 0.20357684 0.21485002 500.0 -101.78842 -107.42501
2342 0.0638406593407 0.0884452747253 455.0 29.0475 40.2426
2218 5.09708737864e-05 0.00182572815534 412.0 -0.021 0.7522
2477 0.176969985337 0.189959061584 341.0 60.346765 64.77604
2229 0.372762864721 0.411667374005 377.0 140.5316 155.1986
2103 0.0252648752399 0.0331458733205 521.0 -13.163 -17.269
2113 0.27067373494 0.310121927711 415.0 112.3296 128.7006
2115 0.049676119403 0.0682469083156 469.0 -23.2981 -32.0078
2259 0.00012447761194 0.0229967164179 335.0 0.0417 7.7039
2523 0.0677742424242 0.088717965368 462.0 -31.3117 -40.9877
2275 0.0988361502347 0.119446948357 426.0 42.1042 50.8844
2022 0.0770101293103 0.105727586207 464.0 35.7327 49.0576
2024 0.14963536036 0.159687387387 444.0 -66.4381 -70.9012
2283 0.0848196765499 0.105772506739 371.0 -31.4681 -39.2416
2291 0.0723966666667 0.112281577778 450.0 -32.5785 -50.52671
2297 0.3621734375 0.375584895833 384.0 139.0746 144.2246
