2307 0.0647275423729 0.0964518644068 590.0 -38.18925 -56.9066
2436 0.0601829113924 0.0909582278481 632.0 38.0356 57.4856
2439 0.259550619835 0.315943595041 484.0 125.6225 152.9167
2440 0.514170403587 0.556820627803 446.0 229.32 248.342
2189 0.152843875969 0.181823100775 645.0 -98.5843 -117.2759
2446 0.317190042076 0.340365217391 713.0 -226.1565 -242.6804
2070 6.31399317406e-06 0.0400160409556 586.0 -0.0037 23.4494
2199 0.289571800434 0.326337093275 461.0 133.4926 150.4414
2345 0.0122977848101 0.0575707278481 632.0 -7.7722 -36.3847
2463 0.252634821429 0.271240178571 672.0 -169.7706 -182.2734
2337 0.212273470255 0.229581728045 706.0 -149.86507 -162.0847
2467 0.396403037037 0.421920493827 405.0 160.54323 170.8778
2085 0.000677272727273 0.0368431818182 440.0 -0.298 16.211
2217 0.0682742592593 0.101769814815 540.0 36.8681 54.9557
2474 0.547213559322 0.621211525424 295.0 161.428 183.2574
2347 0.000143912175649 0.00413912175649 501.0 0.0721 2.0737
2093 0.146361014994 0.171262975779 867.0 -126.895 -148.485
2355 0.11845862069 0.144197701149 522.0 61.8354 75.2712
2357 0.239541164241 0.268133679834 481.0 115.2193 128.9723
2359 0.199657746479 0.225978169014 426.0 85.0542 96.2667
2233 0.0635111662531 0.131496277916 403.0 -25.595 -52.993
2234 0.0964418383518 0.117854389857 631.0 -60.8548 -74.36612
2079 0.19343340249 0.219999377593 482.0 93.2349 106.0397
2372 0.000219074074074 0.0351488888889 540.0 -0.1183 -18.9804
2126 5.14705882353e-05 0.00999558823529 680.0 -0.035 -6.797
2387 0.00943282275711 0.0436269146608 457.0 4.3108 19.9375
2517 0.000118421052632 0.00667894736842 646.0 -0.0765 4.3146
2262 0.0944075091575 0.121323809524 546.0 -51.5465 -66.2428
2520 0.0599816232772 0.112125880551 653.0 -39.168 -73.2182
2148 0.317623721881 0.351608588957 489.0 155.318 171.9366
2266 0.194316201859 0.223358964143 753.0 -146.3201 -168.1893
2395 0.132031905782 0.163739400428 467.0 61.6589 76.4663
2269 0.163957783641 0.203303430079 379.0 62.14 77.052
2144 0.0842294692737 0.114018994413 716.0 -60.3083 -81.6376
2401 0.398186111111 0.444236388889 360.0 143.347 159.9251
2491 0.128930629921 0.148837637795 635.0 -81.87095 -94.5119
2276 0.000222138836773 0.0261960600375 533.0 -0.1184 -13.9625
2292 3.73502722323e-05 0.00632488203267 551.0 0.02058 3.48501
2153 0.258714641256 0.296739461883 446.0 115.38673 132.3458
2036 0.327149386503 0.362861042945 652.0 -213.3014 -236.5854
2421 0.00053081232493 0.0799570028011 714.0 0.379 -57.0893
2039 0.000126903553299 0.0275884940778 591.0 0.075 -16.3048
2168 0.219752598753 0.248583367983 481.0 105.701 119.5686
2426 0.165807021792 0.204988861985 413.0 68.4783 84.6604
2299 1.68491666667 1.78375793651 252.0 424.599 449.507
2431 0.131863720143 0.229585823529 561.0 73.975547 128.797647
