2210 0.115638875306 0.134887286064 409.0 -47.2963 -55.1689
2371 0.000109207161125 0.00963069053708 391.0 -0.0427 3.7656
2102 0.0231977011494 0.0613436781609 435.0 -10.091 -26.6845
2407 0.183378275862 0.212661974922 319.0 58.49767 67.83917
2344 2.89183682927 3.03226707317 82.0 237.13062 248.6459
2313 5.6818181818e-07 0.0342786931818 352.0 0.0002 12.0661
2475 0.131980895522 0.15567761194 335.0 44.2136 52.152
2418 0.179807374631 0.198955457227 339.0 60.9547 67.4459
2286 0.589237388724 0.629765578635 337.0 -198.573 -212.231
2063 0.0695803583062 0.0832298697068 307.0 21.36117 25.55157
2321 0.0565431818182 0.0635243181818 440.0 -24.879 -27.9507
2130 0.287752380952 0.380942857143 105.0 30.214 39.999
2134 0.0643207865169 0.0787539325843 356.0 -22.8982 -28.0364
2413 0.825353225806 0.950872580645 124.0 102.3438 117.9082
2296 0.157217121588 0.175281637717 403.0 -63.3585 -70.6385
2169 1.27005703704 1.35272837037 135.0 171.4577 182.61833
2509 0.00033498694517 0.0493161879896 383.0 -0.1283 18.8881
2127 0.113746264045 0.136224438202 356.0 -40.49367 -48.4959
2469 0.0765587583149 0.0893412416851 451.0 -34.528 -40.2929
