2210 0.227057628362 0.227733276284 409.0 -92.86657 -93.14291
2371 0.191474603581 0.192324450128 391.0 -74.86657 -75.19886
2102 0.273256482759 0.273818666667 435.0 -118.86657 -119.11112
2407 0.00898620689655 0.00974297805643 319.0 -2.8666 -3.10801
2344 2.84136865854 2.85286646341 82.0 232.99223 233.93505
2313 0.101893664773 0.102491392045 352.0 -35.86657 -36.07697
2475 0.056318119403 0.0569146567164 335.0 -18.86657 -19.06641
2418 0.0674530088496 0.0681754572271 339.0 -22.86657 -23.11148
2286 0.0619186053412 0.0625170623145 337.0 -20.86657 -21.06825
2063 0.0260332247557 0.0290515635179 307.0 7.9922 8.91883
2321 0.281514931818 0.282061613636 440.0 -123.86657 -124.10711
2130 1.999926 2.00855533333 105.0 209.99223 210.89831
2134 0.111984747191 0.112712303371 356.0 -39.86657 -40.12558
2413 1.54025991935 1.54670532258 124.0 190.99223 191.79146
2296 0.215549801489 0.216212952854 403.0 -86.86657 -87.13382
2169 1.33327577778 1.33942237037 135.0 179.99223 180.82202
2509 0.174586344648 0.17538310705 383.0 -66.86657 -67.17173
2127 0.111984747191 0.11275502809 356.0 -39.86657 -40.14079
2469 0.299038957871 0.299536385809 451.0 -134.86657 -135.09091
