2050 0.160344262295 0.354704918033 122.0 19.562 43.274
2179 0.0483446305419 0.0592707389163 406.0 19.62792 24.06392
2438 0.221008677686 0.254379338843 484.0 -106.9682 -123.1196
2183 0.140352880658 0.144838888889 486.0 -68.2115 -70.3917
2315 0.0495450839329 0.0598949640288 417.0 20.6603 24.9762
2194 0.149922219388 0.161591862245 392.0 58.76951 63.34401
2460 0.0662672 0.0787072 500.0 33.1336 39.3536
2342 0.0697804395604 0.102003516484 455.0 31.7501 46.4116
2218 0.0568492718447 0.0851451456311 412.0 -23.4219 -35.0798
2477 8.50439882697e-06 0.0158325513196 341.0 0.0029 5.3989
2229 2.67904509284e-05 0.000124137931034 377.0 0.0101 -0.0468
2103 0.0732437619962 0.085122840691 521.0 -38.16 -44.349
2113 0.041643373494 0.0643226506024 415.0 17.282 26.6939
2115 0.0983526652452 0.113152878465 469.0 -46.1274 -53.0687
2259 0.25511761194 0.268462089552 335.0 85.4644 89.9348
2523 0.0456441558442 0.0591495670996 462.0 -21.0876 -27.3271
2275 0.0638147183099 0.0883863849765 426.0 -27.18507 -37.6526
2022 0.0271918103448 0.0452579741379 464.0 12.617 20.9997
2024 0.00311148648649 0.00976396396396 444.0 -1.3815 -4.3352
2283 0.155071967655 0.177389487871 371.0 57.5317 65.8115
2291 0.193344444444 0.222610444444 450.0 -87.005 -100.1747
2297 0.198984114583 0.212184895833 384.0 76.4099 81.479
