2050 0.59881147541 0.831491803279 122.0 73.055 101.442
2179 0.0665401970443 0.0788000492611 406.0 27.01532 31.99282
2438 0.293777066116 0.30828285124 484.0 -142.1881 -149.2089
2183 0.0112759259259 0.0290010288066 486.0 5.4801 -14.0945
2315 0.0329045563549 0.0498414868106 417.0 13.7212 20.7839
2194 0.116966096939 0.139022219388 392.0 45.85071 54.49671
2460 0.009658 0.0173342 500.0 -4.829 -8.6671
2342 0.0612006593407 0.0812257142857 455.0 27.8463 36.9577
2218 0.0360242718447 0.0510082524272 412.0 14.842 21.0154
2477 0.0827882697947 0.107226099707 341.0 28.2308 36.5641
2229 0.145587798408 0.17175198939 377.0 54.8866 64.7505
2103 0.133486372361 0.14843512476 521.0 -69.5464 -77.3347
2113 0.00106891566265 0.0527771084337 415.0 -0.4436 21.9025
2115 0.0142537313433 0.0817029850746 469.0 -6.685 -38.3187
2259 0.220988955224 0.241507164179 335.0 74.0313 80.9049
2523 0.0991935064935 0.125160930736 462.0 -45.8274 -57.82435
2275 0.00270563380282 0.00542441314554 426.0 1.1526 2.3108
2022 0.0141698275862 0.0273293103448 464.0 -6.5748 -12.6808
2024 0.128134459459 0.145451801802 444.0 56.8917 64.5806
2283 0.183209973046 0.197958221024 371.0 67.9709 73.4425
2291 0.0149106666667 0.0513224444444 450.0 -6.7098 -23.0951
2297 0.216652083333 0.238165364583 384.0 83.1944 91.4555
