2177 0.117724935733 0.122620822622 778.0 -91.59 -95.399
2308 4.54736842105e-05 0.00630126315789 475.0 -0.0216 -2.9931
2056 0.267198536585 0.280789512195 410.0 109.5514 115.1237
2062 0.245822834646 0.261468766404 381.0 93.6585 99.6196
2448 0.0726410901468 0.084206918239 477.0 -34.6498 -40.1667
2066 0.0340970588235 0.0367575367647 544.0 -18.5488 -19.9961
2451 0.0816739960239 0.0942248906561 503.0 41.08202 47.39512
2453 0.0843957894737 0.0918057894737 570.0 -48.1056 -52.3293
2203 0.148306477733 0.163131781377 494.0 73.2634 80.5871
2205 0.196258552632 0.222210307018 456.0 -89.4939 -101.3279
2082 0.15182243346 0.168991825095 526.0 -79.8586 -88.8897
2083 3.43137254902e-06 0.000364411764706 510.0 -0.00175 -0.18585
2212 0.102509183223 0.124650883002 453.0 46.43666 56.46685
2341 0.561438362573 0.577584561404 513.0 -288.01788 -296.30088
2350 0.146490279823 0.154625920471 679.0 -99.4669 -104.991
2504 3.81974248927e-05 0.00440879828326 466.0 -0.0178 -2.0545
2099 0.34445122449 0.371657346939 490.0 168.7811 182.1121
2230 0.176580786026 0.192561572052 458.0 80.874 88.1932
2109 0.335644468547 0.363937310195 461.0 154.7321 167.7751
2242 0.103288804554 0.114688235294 527.0 -54.4332 -60.4407
2120 0.261023136247 0.282576478149 389.0 101.538 109.92225
2323 0.0489843326886 0.0585150870406 517.0 -25.3249 -30.2523
2425 0.506434308511 0.521184042553 376.0 190.4193 195.9652
2173 0.153643911439 0.169951476015 542.0 -83.275 -92.1137
2197 0.158846581197 0.165092307692 702.0 -111.5103 -115.8948
