2433 0.0773830753564 0.0921934623218 491.0 37.99509 45.26699
2051 0.246854071247 0.255978244275 393.0 97.01365 100.59945
2180 0.329791421569 0.354342156863 408.0 134.5549 144.5716
2054 0.290027272727 0.312098771499 407.0 118.0411 127.0242
2157 0.174542511962 0.180707129187 418.0 72.95877 75.53558
2435 0.120593446089 0.13401205074 473.0 57.0407 63.3877
2204 0.0308193717277 0.0383979057592 382.0 11.773 14.668
2084 0.524896202532 0.535070886076 395.0 207.334 211.353
2219 0.438480371353 0.444125464191 377.0 165.3071 167.4353
2220 0.213833473389 0.220868627451 714.0 -152.6771 -157.7002
2487 0.160167840532 0.167372857143 602.0 -96.42104 -100.75846
2370 0.0242842767296 0.0328037735849 477.0 -11.5836 -15.6474
2373 0.296616787004 0.341692599278 554.0 -164.3257 -189.2977
2118 0.248904519774 0.260876271186 531.0 132.1683 138.5253
2247 0.0435163904236 0.0512237569061 543.0 23.6294 27.8145
2381 0.0673951690821 0.0733716586151 621.0 -41.8524 -45.5638
2255 0.736751282051 0.779461538462 312.0 229.8664 243.192
2389 0.0435532312925 0.055344047619 588.0 25.6093 32.5423
2263 0.126136596737 0.15746995338 429.0 54.1126 67.55461
2045 0.130813691275 0.139869574944 447.0 58.47372 62.5217
2029 0.215224231465 0.228195840868 553.0 -119.019 -126.1923
2031 0.0553992766727 0.0639723327306 553.0 -30.6358 -35.3767
2160 0.0987069918699 0.110721788618 615.0 -60.7048 -68.0939
2302 0.0564520430108 0.0879937634409 465.0 -26.2502 -40.9171
2427 0.00034729981378 0.0202113594041 537.0 0.1865 10.8535
2429 0.328035576923 0.338431410256 624.0 -204.6942 -211.1812
2174 0.301606422018 0.308113761468 436.0 131.5004 134.3376
