2432 0.391681671159 0.445630458221 371.0 -145.3139 -165.3289
2092 0.000452265861027 0.00785770392749 331.0 0.1497 2.6009
2059 0.227435245902 0.261500614754 488.0 -110.9884 -127.6123
2060 0.0050123655914 0.0630940860215 372.0 1.8646 23.471
2114 0.000472074468085 0.0304646276596 376.0 -0.1775 11.4547
2331 0.0219283544304 0.0535675949367 395.0 8.6617 21.1592
2468 0.0213285035629 0.0304983372922 421.0 8.9793 12.8398
2087 0.256314698163 0.292528608924 381.0 -97.6559 -111.4534
2472 0.160250947075 0.192108328691 359.0 57.53009 68.96689
2396 0.0969262773723 0.114883211679 411.0 -39.8367 -47.217
2348 0.31832791411 0.354437730061 326.0 103.7749 115.5467
2226 0.0967352478134 0.121541661808 343.0 33.18019 41.68879
2492 0.0665 0.135985294118 68.0 4.522 9.247
2498 0.0824867741935 0.0945770967742 341.0 28.12799 32.25079
2188 2.46249240506 2.96953797468 79.0 194.5369 234.5935
2379 0.241799806202 0.266645348837 516.0 -124.7687 -137.589
2513 0.919425806452 0.987429032258 155.0 142.511 153.0515
2516 0.105478679775 0.131281488764 356.0 -37.55041 -46.73621
2264 0.114508554572 0.128370501475 339.0 38.8184 43.5176
2522 0.152408870968 0.172953494624 372.0 56.6961 64.3387
2267 0.359741818182 0.379237105751 539.0 -193.90084 -204.4088
2140 0.0725662650602 0.178421686747 83.0 6.023 14.809
2270 0.0546224489796 0.284469387755 98.0 5.353 27.878
2399 0.164949108911 0.172278019802 505.0 -83.2993 -87.0004
2411 0.173656929638 0.185281449893 469.0 -81.4451 -86.897
2412 0.0825725 0.124153398876 356.0 -29.39581 -44.19861
2416 0.0311657834758 0.0485062393162 351.0 10.93919 17.02569
2417 0.00812512315271 0.0231578817734 406.0 3.2988 9.4021
2294 0.116030357143 0.134622767857 448.0 -51.9816 -60.311
