2310 0.0732372360845 0.0743598848369 521.0 -38.1566 -38.7415
2061 0.222474074074 0.223365700483 621.0 -138.1564 -138.7101
2196 0.191216750419 0.192013065327 597.0 -114.1564 -114.6318
2075 0.392465855072 0.398153971014 345.0 135.40072 137.36312
2462 0.254309451697 0.259405979112 383.0 97.40052 99.35249
2214 0.0918193636364 0.0963497954545 440.0 40.40052 42.39391
2095 0.110785635359 0.111692209945 543.0 -60.1566 -60.64887
2484 0.00238962809917 0.00360530991736 484.0 -1.15658 -1.74497
2485 0.319782197802 0.324451236264 364.0 116.40072 118.10025
2494 0.223724115756 0.224464131833 622.0 -139.1564 -139.61669
2239 0.208453131148 0.209128754098 610.0 -127.15641 -127.56854
2112 0.155868199301 0.156758339161 572.0 -89.15661 -89.66577
2254 0.0844255530474 0.0889346501129 443.0 37.40052 39.39805
2512 0.210076876574 0.215313979849 397.0 83.40052 85.47965
2132 0.056946484375 0.0579202929688 512.0 -29.1566 -29.65519
2133 0.244560932642 0.249825958549 386.0 94.40052 96.43282
2519 0.13838985782 0.14274985782 422.0 58.40052 60.24044
2392 0.0309024034335 0.0352319527897 466.0 14.40052 16.41809
2397 0.323417961433 0.328974352617 363.0 117.40072 119.41769
2398 0.222393180662 0.227411043257 393.0 87.40052 89.37254
2277 0.0628330088496 0.067126460177 452.0 28.40052 30.34116
2145 0.216203848101 0.221345924051 395.0 85.40052 87.43164
2149 0.50125225 0.50714309375 320.0 160.40072 162.28579
2025 0.0125901840491 0.0136388752556 489.0 -6.1566 -6.66941
2414 0.0331193978495 0.0371133978495 465.0 15.40052 17.25773
2162 0.0844255530474 0.0890109480813 443.0 37.40052 39.43185
2420 0.00238962809917 0.00343592975207 484.0 -1.15658 -1.66299
2166 0.0457640316206 0.0468374901186 506.0 -23.1566 -23.69977
2040 0.0624400194175 0.0635406990291 515.0 -32.15661 -32.72346
2298 0.185761214165 0.186458448567 593.0 -110.1564 -110.56986
2428 0.244560932642 0.249593393782 386.0 94.40052 96.34305
