2306 0.0809533692722 0.106912668464 371.0 30.0337 39.6646
2065 0.196237792642 0.223028428094 299.0 58.6751 66.6855
2452 0.21499254386 0.233352192982 456.0 98.0366 106.4086
2325 0.031112797619 0.0549133928571 336.0 10.4539 18.4509
2326 0.45633164557 0.495497046414 237.0 108.1506 117.4328
2464 0.255556748466 0.288044171779 326.0 83.3115 93.9024
2081 0.00173369272237 0.024907277628 371.0 -0.6432 -9.2406
2338 0.02214870317 0.145534005764 347.0 7.6856 50.5003
2222 0.171959142857 0.189611428571 350.0 60.1857 66.364
2354 0.21880295858 0.225428106509 338.0 73.9554 76.1947
2490 0.186486092715 0.21321214128 453.0 -84.4782 -96.5851
2108 2.9284164859e-05 0.00796572668113 461.0 -0.0135 -3.6722
2493 0.218453658537 0.230081881533 287.0 62.6962 66.0335
2495 0.00501486810552 0.0163803357314 417.0 -2.0912 -6.8306
2240 0.166494059406 0.18310470297 404.0 67.2636 73.9743
2502 0.249267394958 0.25480789916 595.0 -148.3141 -151.6107
2378 0.0715962779156 0.0878791563275 403.0 28.8533 35.4153
2123 0.281259862385 0.289530275229 436.0 -122.6293 -126.2352
2124 0.209978549849 0.242044410876 331.0 69.5029 80.1167
2125 0.221367164179 0.247510447761 469.0 -103.8212 -116.0824
2514 0.0822177944862 0.0973428571429 399.0 32.8049 38.8398
2515 0.228875541796 0.322076160991 323.0 73.9268 104.0306
2261 0.0853466666667 0.155693010753 465.0 -39.6862 -72.39725
2521 0.0615100917431 0.0668366972477 545.0 -33.523 -36.426
2170 0.51247826087 0.527237681159 276.0 141.444 145.5176
2400 0.0836501098901 0.0888197802198 455.0 -38.0608 -40.413
2403 0.370659327217 0.382350458716 327.0 121.2056 125.0286
2406 0.554652013423 0.577223489933 298.0 165.2863 172.0126
2289 0.561771102662 0.570913307985 263.0 147.7458 150.1502
2165 0.25384535865 0.273170253165 474.0 -120.3227 -129.4827
2042 0.0255552147239 0.0445720858896 326.0 -8.331 -14.5305
2069 0.0684417662338 0.0767630649351 385.0 26.35008 29.55378
