2049 0.288909252669 0.384695017794 281.0 81.1835 108.0993
2057 0.0087174863388 0.0172838797814 366.0 3.1906 6.3259
2190 0.159834098837 0.198707325581 344.0 54.98293 68.35532
2478 0.153330081301 0.198725691057 615.0 -94.298 -122.2163
2200 0.129733492408 0.138702407809 461.0 -59.80714 -63.94181
2207 0.173111704835 0.228089821883 393.0 -68.0329 -89.6393
2466 0.152021995465 0.193897278912 441.0 67.0417 85.5087
2470 0.170557852883 0.246923260437 503.0 -85.7906 -124.2024
2094 0.250672857143 0.271772244898 490.0 -122.8297 -133.1684
2223 0.000728509719222 0.0129794816415 463.0 0.3373 -6.0095
2480 0.0278252631579 0.0387949473684 380.0 10.5736 14.74208
2481 0.311172860636 0.373818337408 409.0 127.2697 152.8917
2035 0.147563655031 0.189017864476 487.0 -71.8635 -92.0517
2488 0.158006119097 0.168778854209 487.0 -76.94898 -82.195302
2489 0.121682512733 0.147109677419 589.0 -71.671 -86.6476
2106 0.951328358209 1.48035820896 67.0 63.739 99.184
2235 0.295455324074 0.324524768519 432.0 127.6367 140.1947
2244 0.0383093922652 0.0512283609576 543.0 -20.802 -27.817
2501 0.0678835820896 0.109106823028 469.0 -31.8374 -51.1711
2375 2.88025076923 3.20499038462 104.0 299.54608 333.319
2248 0.135540214477 0.160161662198 373.0 50.5565 59.7403
2419 0.621957560976 0.769974146341 205.0 127.5013 157.8447
2384 0.0220715519802 0.0328925668317 404.0 -8.916907 -13.288597
2105 0.0342903797468 0.0562891139241 395.0 -13.5447 -22.2342
2142 0.000872193877551 0.0180896938776 392.0 -0.3419 7.09116
2272 0.248763953488 0.268535465116 344.0 85.5748 92.3762
2405 0.00716413301663 0.0357102137767 421.0 3.0161 15.034
2151 0.000449608801956 0.00305305623472 409.0 0.18389 1.2487
2281 0.156763697105 0.170064365256 449.0 -70.3869 -76.3589
2163 0.227057883817 0.321482987552 482.0 -109.4419 -154.9548
2037 0.0224247761194 0.0731495522388 335.0 -7.5123 -24.5051
2046 0.123906490872 0.135243002028 493.0 -61.0859 -66.6748
