2176 0.0100634920635 0.0283119929453 567.0 -5.706 -16.0529
2441 0.108111345219 0.115041815235 617.0 -66.7047 -70.9808
2058 0.0773644262295 0.0858386885246 610.0 -47.1923 -52.3616
2316 0.114505636071 0.119712882448 621.0 -71.108 -74.3417
2318 0.224085774648 0.228161549296 710.0 -159.1009 -161.9947
2319 0.256352276295 0.270154631083 637.0 -163.2964 -172.0885
2073 0.171650951374 0.181323678647 473.0 81.1909 85.7661
2456 0.0566295133438 0.117599843014 637.0 -36.073 -74.9111
2457 0.125761024499 0.134891648107 449.0 56.4667 60.56635
2330 0.1985712627 0.205516981132 689.0 -136.8156 -141.6012
2333 0.215675659229 0.226054969574 493.0 -106.3281 -111.4451
2206 0.365082577566 0.372263245823 419.0 152.9696 155.9783
2335 0.24176848816 0.256254826958 549.0 132.7309 140.6839
2080 0.127961715481 0.142571338912 478.0 61.1657 68.1491
2086 0.323388925081 0.326768729642 614.0 -198.5608 -200.636
2343 0.199404950495 0.218159653465 404.0 80.5596 88.1365
2090 0.0529487847222 0.0586703125 576.0 -30.4985 -33.7941
2351 0.0585661003861 0.0632133976834 518.0 30.33724 32.74454
2225 0.374933333333 0.391256115108 417.0 156.3472 163.1538
2353 0.203043824027 0.219791708968 591.0 119.9989 129.8969
2227 0.572150552486 0.585172375691 362.0 207.1185 211.8324
2486 0.357792203898 0.367914392804 667.0 -238.6474 -245.3989
2121 0.0646473684211 0.0765255980861 418.0 27.0226 31.9877
2361 0.325887677725 0.337698341232 422.0 137.5246 142.5087
2107 0.129700457317 0.137102286585 656.0 -85.0835 -89.9391
2314 0.134252607973 0.139932790698 602.0 -80.82007 -84.23954
2110 0.0408491446345 0.0487463452566 643.0 -26.266 -31.3439
2111 0.322159913793 0.326256465517 696.0 -224.2233 -227.0745
2500 0.469465349544 0.477885714286 329.0 154.4541 157.2244
2377 0.113533153153 0.118852072072 555.0 63.0109 65.9629
2122 0.119875626043 0.13029345576 599.0 -71.8055 -78.04578
2251 0.165415231788 0.190839072848 453.0 -74.9331 -86.4501
2508 0.263787822014 0.276578688525 427.0 112.6374 118.0991
2511 0.0453801176471 0.0490489411765 510.0 -23.14386 -25.01496
2128 0.0896410745234 0.102887175043 577.0 51.7229 59.3659
2131 0.239748406677 0.243780576631 659.0 -157.9942 -160.6514
2138 0.127004697987 0.138398434004 447.0 -56.7711 -61.8641
2135 0.397002631579 0.411115 380.0 150.861 156.2237
2136 0.10066350365 0.108262043796 548.0 -55.1636 -59.3276
2394 0.197521907216 0.202837628866 776.0 -153.277 -157.402
2383 2.98180517241 3.0220887931 116.0 345.8894 350.5623
2524 0.216151879699 0.231419360902 532.0 -114.9928 -123.1151
2141 0.45493497807 0.457339035088 912.0 -414.9007 -417.0932
2458 0.0725119195046 0.0988595975232 646.0 -46.8427 -63.8633
2271 0.294387025 0.308746025 400.0 117.75481 123.49841
2256 0.00570456769984 0.0182070146819 613.0 3.4969 11.1609
2043 3.63444705882 3.73675294118 85.0 308.928 317.624
2150 0.453772865854 0.456612804878 656.0 -297.675 -299.538
2471 0.219265482234 0.229047969543 394.0 86.3906 90.2449
2030 0.509667475728 0.515725728155 412.0 209.983 212.479
2032 0.178269433198 0.183330161943 494.0 -88.0651 -90.5651
2290 0.0284329571106 0.0364437923251 443.0 -12.5958 -16.1446
2238 0.137463212237 0.145425353728 523.0 -71.89326 -76.05746
2041 0.232585579568 0.243565933202 509.0 -118.38606 -123.97506
2171 0.222427019493 0.236598559454 513.0 -114.105061 -121.375061
2172 0.76351552795 0.776594099379 322.0 245.852 250.0633
2047 4.58049886621e-05 0.0291492063492 441.0 0.0202 12.8548
