2305 0.535839464883 0.544289297659 598.0 -320.432 -325.485
2434 0.105024683544 0.138221940928 474.0 -49.7817 -65.5172
2410 0.0960548747153 0.110704123007 439.0 -42.16809 -48.59911
2181 0.0146433707865 0.0576880898876 445.0 -6.5163 -25.6712
2182 0.149249575071 0.188967705382 353.0 52.6851 66.7056
2311 0.132897120419 0.181023560209 382.0 -50.7667 -69.151
2312 0.0231723140496 0.0552752066116 484.0 -11.2154 -26.7532
2443 0.20895971831 0.247887323944 355.0 74.1807 88.0
2447 0.040582300885 0.121201769912 339.0 13.7574 41.0874
2064 0.0636815533981 0.0786077669903 515.0 32.796 40.483
2450 0.403441157025 0.408972231405 605.0 -244.0819 -247.4282
2195 0.232132359081 0.242649478079 479.0 -111.1914 -116.2291
2068 0.172443333333 0.198531388889 360.0 -62.0796 -71.4713
2327 0.296170776256 0.333662328767 438.0 -129.7228 -146.1441
2329 0.206406016598 0.21378153527 482.0 99.4877 103.0427
2202 0.594832119205 0.602971854305 302.0 179.6393 182.0975
2459 0.247338309859 0.26214084507 355.0 87.8051 93.06
2076 0.0318974029126 0.0539341262136 412.0 -13.14173 -22.22086
2309 0.157206648936 0.187070212766 376.0 -59.1097 -70.3384
2208 0.432929154519 0.440313994169 343.0 148.4947 151.0277
2213 1.06447887324 1.17307042254 71.0 75.578 83.288
2216 0.235064035088 0.269944152047 342.0 80.3919 92.3209
2332 0.291398016997 0.31960878187 353.0 102.8635 112.8219
2349 0.317996696697 0.333480780781 333.0 105.8929 111.0491
2224 0.214462573099 0.224825048733 513.0 -110.0193 -115.33525
2482 0.00596897321429 0.0346995535714 448.0 -2.6741 -15.5454
2100 0.133386676558 0.139452047478 337.0 44.95131 46.99534
2104 0.2836278125 0.3056396875 320.0 90.7609 97.8047
2356 0.643370809249 0.657726300578 346.0 -222.6063 -227.5733
2362 0.257545189873 0.309346202532 316.0 81.38428 97.7534
2365 0.226563936634 0.258866732673 505.0 -114.414788 -130.7277
2295 0.0828312087912 0.0922589010989 455.0 -37.6882 -41.9778
2367 0.0579483299233 0.0825511432225 391.0 -22.657797 -32.277497
2241 0.128328659794 0.162585773196 485.0 -62.2394 -78.8541
2119 0.0297136125654 0.0253013089005 382.0 -11.3506 -9.6651
2249 1.02153846154 1.05255944056 143.0 146.08 150.516
2506 0.124209223301 0.134892961165 412.0 51.1742 55.5759
2507 0.0012819112628 0.00163822525597 293.0 0.3756 -0.48
2252 0.480049230769 0.487760615385 325.0 156.016 158.5222
2385 0.113877297297 0.155948648649 370.0 42.1346 57.701
2137 0.0748433566434 0.103083449883 429.0 32.1078 44.2228
2191 0.0417864988558 0.0571251716247 437.0 -18.2607 -24.9637
2273 0.171753631285 0.254206145251 358.0 61.4878 91.0058
2146 0.01863 0.0438097058824 340.0 6.3342 14.8953
2228 8.11363636364e-05 0.0143454545455 440.0 -0.0357 6.312
2021 0.152716515837 0.157569457014 442.0 67.5007 69.6457
2278 1.48208730159 2.15770079365 126.0 186.743 271.8703
2257 0.2035 0.332559177215 316.0 64.306 105.0887
2437 0.0962977329975 0.123282367758 397.0 -38.2302 -48.9431
2409 0.19334537037 0.211075694444 432.0 -83.5252 -91.1847
2026 0.143696396396 0.159541591592 333.0 47.8509 53.12735
2023 0.00731954022989 0.0138310344828 435.0 -3.184 -6.0165
2156 0.10253825 0.112998 400.0 -41.0153 -45.1992
2285 0.168460377358 0.177067924528 424.0 -71.4272 -75.0768
2369 0.115900744417 0.139571712159 403.0 -46.708 -56.2474
2280 0.293504878049 0.309107982262 451.0 132.3707 139.4077
2034 0.233028080229 0.294976790831 349.0 81.3268 102.9469
2067 0.0919908554572 0.103821828909 339.0 31.1849 35.1956
2167 0.125011140351 0.138662807018 342.0 42.75381 47.42268
2154 0.245806365503 0.249791991786 487.0 -119.7077 -121.6487
